epoch,time,train/box_loss,train/seg_loss,train/cls_loss,train/dfl_loss,train/sem_loss,metrics/precision(B),metrics/recall(B),metrics/mAP50(B),metrics/mAP50-95(B),metrics/precision(M),metrics/recall(M),metrics/mAP50(M),metrics/mAP50-95(M),val/box_loss,val/seg_loss,val/cls_loss,val/dfl_loss,val/sem_loss,lr/pg0,lr/pg1,lr/pg2
1,86.8493,1.455,2.43326,1.34638,1.50696,0,0.7954,0.59738,0.68727,0.38772,0.7837,0.57176,0.65476,0.34147,1.50086,2.63557,1.58552,1.60628,0,3.32176e-05,3.32176e-05,0.0668156
2,169.878,1.42268,2.3795,1.30244,1.48461,0,0.79793,0.62163,0.72597,0.41552,0.78535,0.59032,0.69153,0.37275,1.45847,2.56237,1.52701,1.57799,0,6.62874e-05,6.62874e-05,0.0335154
3,251.578,1.39485,2.33086,1.27099,1.46974,0,0.84071,0.66718,0.76957,0.43462,0.83499,0.63823,0.7411,0.38415,1.52921,2.66355,1.32971,1.62499,0,9.90932e-05,9.90932e-05,0.000214834
4,333.925,1.38462,2.30615,1.25582,1.46272,0,0.83963,0.66106,0.76382,0.43427,0.81099,0.64691,0.73745,0.39105,1.51882,2.5407,1.34351,1.61171,0,9.8812e-05,9.8812e-05,9.8812e-05
5,415.762,1.38666,2.33672,1.25284,1.46432,0,0.82996,0.6483,0.75109,0.42241,0.81049,0.64366,0.73342,0.38439,1.55313,2.59886,1.36156,1.66667,0,9.8416e-05,9.8416e-05,9.8416e-05
6,498.148,1.36442,2.27941,1.22192,1.44165,0,0.84061,0.66541,0.77319,0.45095,0.83363,0.64212,0.74816,0.40638,1.49198,2.58224,1.3177,1.58202,0,9.802e-05,9.802e-05,9.802e-05
7,579.383,1.36782,2.28046,1.21284,1.44518,0,0.83407,0.66022,0.76015,0.42418,0.81971,0.66044,0.74733,0.39994,1.5619,2.54889,1.32908,1.66071,0,9.7624e-05,9.7624e-05,9.7624e-05
8,661.235,1.36157,2.27951,1.2164,1.44222,0,0.8427,0.64771,0.74898,0.41644,0.82811,0.63787,0.73152,0.38231,1.57412,2.62678,1.33248,1.66469,0,9.7228e-05,9.7228e-05,9.7228e-05
9,743.028,1.34477,2.25306,1.19723,1.43348,0,0.83196,0.66751,0.76879,0.44804,0.82202,0.65236,0.74775,0.40898,1.48047,2.51572,1.29623,1.59603,0,9.6832e-05,9.6832e-05,9.6832e-05
10,825.038,1.3393,2.24451,1.20311,1.43001,0,0.83005,0.6514,0.75288,0.40314,0.81638,0.64067,0.7328,0.364,1.59322,2.72088,1.3832,1.70237,0,9.6436e-05,9.6436e-05,9.6436e-05
11,906.891,1.34221,2.24609,1.18396,1.43141,0,0.83029,0.66773,0.7608,0.42367,0.8202,0.65961,0.7414,0.38455,1.5828,2.65257,1.3185,1.67514,0,9.604e-05,9.604e-05,9.604e-05
12,988.623,1.33347,2.22252,1.16975,1.42419,0,0.84213,0.67741,0.78182,0.46185,0.82342,0.65932,0.75642,0.41374,1.47137,2.54996,1.25046,1.57873,0,9.5644e-05,9.5644e-05,9.5644e-05
13,1070.45,1.33847,2.22937,1.16758,1.42301,0,0.81522,0.6626,0.75945,0.42718,0.80903,0.65961,0.74601,0.3948,1.56851,2.54466,1.33669,1.66209,0,9.5248e-05,9.5248e-05,9.5248e-05
14,1152.41,1.33822,2.22672,1.1706,1.42348,0,0.82764,0.68368,0.78097,0.45407,0.81294,0.67208,0.75917,0.41369,1.49071,2.49997,1.26077,1.58527,0,9.4852e-05,9.4852e-05,9.4852e-05
15,1234.32,1.30987,2.18784,1.14643,1.40652,0,0.84156,0.66527,0.77874,0.45265,0.8274,0.65463,0.75436,0.41364,1.47213,2.54567,1.26431,1.59103,0,9.4456e-05,9.4456e-05,9.4456e-05
16,1315.64,1.31111,2.19596,1.13388,1.39965,0,0.83364,0.67121,0.77407,0.44292,0.8276,0.66253,0.75557,0.40438,1.51944,2.58234,1.25986,1.63192,0,9.406e-05,9.406e-05,9.406e-05
17,1397.09,1.30912,2.18569,1.13333,1.40471,0,0.83805,0.68397,0.78311,0.46696,0.81966,0.67266,0.7597,0.42145,1.45986,2.51717,1.22239,1.57106,0,9.3664e-05,9.3664e-05,9.3664e-05
18,1479.25,1.31577,2.19224,1.13893,1.40948,0,0.81428,0.66338,0.76073,0.42708,0.81462,0.65671,0.74733,0.39469,1.5495,2.589,1.28913,1.65993,0,9.3268e-05,9.3268e-05,9.3268e-05
19,1560.93,1.31255,2.17738,1.13052,1.40025,0,0.84063,0.66068,0.76418,0.42073,0.8172,0.65976,0.74945,0.38857,1.6001,2.62172,1.26697,1.71162,0,9.2872e-05,9.2872e-05,9.2872e-05
20,1642.96,1.30417,2.16557,1.11408,1.39594,0,0.82665,0.67005,0.77298,0.42906,0.81815,0.66919,0.75905,0.39613,1.59222,2.57144,1.24925,1.69791,0,9.2476e-05,9.2476e-05,9.2476e-05
21,1725.02,1.30117,2.1738,1.11774,1.39658,0,0.83096,0.70252,0.79421,0.46518,0.81509,0.69353,0.7745,0.42412,1.49098,2.5167,1.19715,1.60645,0,9.208e-05,9.208e-05,9.208e-05
22,1806.47,1.3053,2.18212,1.11853,1.40091,0,0.83209,0.67904,0.77952,0.42612,0.81881,0.6773,0.76768,0.3954,1.59112,2.55792,1.24525,1.69114,0,9.1684e-05,9.1684e-05,9.1684e-05
23,1888.03,1.29302,2.15851,1.09793,1.3899,0,0.8479,0.68803,0.79217,0.47367,0.83205,0.6773,0.77197,0.4299,1.46011,2.47563,1.18839,1.55529,0,9.1288e-05,9.1288e-05,9.1288e-05
24,1970.41,1.2904,2.12545,1.10429,1.39199,0,0.82988,0.67044,0.76858,0.4444,0.82199,0.66406,0.75638,0.41007,1.53004,2.48253,1.2468,1.62651,0,9.0892e-05,9.0892e-05,9.0892e-05
25,2052.44,1.27916,2.15077,1.09505,1.38306,0,0.83125,0.63613,0.74542,0.38633,0.81776,0.64308,0.74025,0.36867,1.72474,2.63946,1.30651,1.84841,0,9.0496e-05,9.0496e-05,9.0496e-05
26,2134.7,1.282,2.12611,1.07796,1.37822,0,0.81932,0.68832,0.77518,0.42817,0.81238,0.67759,0.75926,0.39409,1.57941,2.63704,1.28959,1.70445,0,9.01e-05,9.01e-05,9.01e-05
27,2216.89,1.27817,2.1331,1.06873,1.37595,0,0.8272,0.67585,0.77805,0.43532,0.82243,0.67546,0.7622,0.39542,1.56927,2.6313,1.25234,1.68464,0,8.9704e-05,8.9704e-05,8.9704e-05
28,2298.47,1.26611,2.11923,1.07876,1.36931,0,0.82898,0.68582,0.79056,0.46138,0.81528,0.68339,0.77086,0.41257,1.51742,2.62011,1.18499,1.61656,0,8.9308e-05,8.9308e-05,8.9308e-05
29,2380.16,1.25671,2.10854,1.06342,1.36355,0,0.84303,0.6773,0.78134,0.46199,0.83076,0.66744,0.76353,0.41086,1.47873,2.6026,1.19767,1.58235,0,8.8912e-05,8.8912e-05,8.8912e-05
30,2462.38,1.27366,2.12209,1.07378,1.37219,0,0.83061,0.6739,0.77235,0.426,0.81903,0.67187,0.75853,0.39498,1.59566,2.58506,1.29556,1.72596,0,8.8516e-05,8.8516e-05,8.8516e-05
31,2544.31,1.24936,2.09014,1.04437,1.35561,0,0.84075,0.67655,0.78441,0.45564,0.82889,0.67237,0.77008,0.41956,1.49958,2.45724,1.20545,1.61654,0,8.812e-05,8.812e-05,8.812e-05
32,2626.19,1.23833,2.06613,1.0388,1.35006,0,0.82758,0.67076,0.77077,0.43117,0.81138,0.6599,0.75088,0.38906,1.57627,2.66156,1.23424,1.68408,0,8.7724e-05,8.7724e-05,8.7724e-05
33,2707.96,1.25912,2.07634,1.04317,1.36033,0,0.8263,0.69875,0.79376,0.45698,0.81846,0.6928,0.77824,0.42626,1.53015,2.48076,1.17183,1.66055,0,8.7328e-05,8.7328e-05,8.7328e-05
34,2790.37,1.25557,2.08007,1.03827,1.35496,0,0.82102,0.65702,0.75097,0.42764,0.8045,0.65742,0.7388,0.39447,1.587,2.59402,1.28545,1.69737,0,8.6932e-05,8.6932e-05,8.6932e-05
35,2872.17,1.25625,2.10134,1.04975,1.35818,0,0.83456,0.66541,0.7649,0.4404,0.8207,0.65642,0.74543,0.38957,1.55096,2.67295,1.22822,1.6548,0,8.6536e-05,8.6536e-05,8.6536e-05
36,2953.72,1.24119,2.06727,1.02964,1.34965,0,0.85516,0.68305,0.78785,0.4681,0.8421,0.67261,0.76622,0.42282,1.47793,2.57557,1.16781,1.58154,0,8.614e-05,8.614e-05,8.614e-05
37,3036,1.25108,2.05401,1.03362,1.35396,0,0.82928,0.64077,0.7396,0.40963,0.82229,0.63725,0.73297,0.38487,1.65777,2.61328,1.2873,1.76838,0,8.5744e-05,8.5744e-05,8.5744e-05
38,3117.28,1.24044,2.07643,1.0232,1.35014,0,0.82919,0.66483,0.76008,0.44188,0.81762,0.66029,0.7492,0.40368,1.53995,2.48228,1.22256,1.61431,0,8.5348e-05,8.5348e-05,8.5348e-05
39,3199.57,1.22569,2.07007,1.01426,1.33755,0,0.82799,0.67969,0.77641,0.44898,0.81859,0.67121,0.76118,0.41021,1.5316,2.53687,1.19534,1.63841,0,8.4952e-05,8.4952e-05,8.4952e-05
40,3281.37,1.23011,2.04892,1.01055,1.33936,0,0.83017,0.69817,0.79173,0.46649,0.81712,0.6831,0.76727,0.41355,1.49194,2.62547,1.15472,1.59699,0,8.4556e-05,8.4556e-05,8.4556e-05
41,3362.41,1.22587,2.02745,1.00442,1.329,0,0.84937,0.68571,0.78989,0.45018,0.84481,0.67527,0.77398,0.41298,1.55618,2.53328,1.14389,1.65781,0,8.416e-05,8.416e-05,8.416e-05
42,3443.75,1.22213,2.02396,1.00997,1.34057,0,0.82893,0.70861,0.79727,0.47507,0.82556,0.69018,0.77803,0.43363,1.45523,2.39759,1.13713,1.56251,0,8.3764e-05,8.3764e-05,8.3764e-05
43,3524.8,1.22496,2.03459,1.00937,1.33568,0,0.84109,0.6944,0.7897,0.46111,0.82248,0.67904,0.76576,0.40217,1.51935,2.73814,1.14591,1.62306,0,8.3368e-05,8.3368e-05,8.3368e-05
44,3606.26,1.21593,2.03312,0.99836,1.33025,0,0.82757,0.69438,0.79012,0.46359,0.81866,0.68324,0.77205,0.416,1.47383,2.53959,1.1641,1.59884,0,8.2972e-05,8.2972e-05,8.2972e-05
45,3687.28,1.21304,2.01791,0.98819,1.3213,0,0.84363,0.68985,0.7947,0.46817,0.82163,0.68687,0.775,0.42344,1.4925,2.51481,1.12392,1.59575,0,8.2576e-05,8.2576e-05,8.2576e-05
46,3768.79,1.21319,2.01887,0.97999,1.32633,0,0.85511,0.70159,0.80233,0.48609,0.84044,0.69182,0.78465,0.44064,1.4354,2.41089,1.11662,1.53132,0,8.218e-05,8.218e-05,8.218e-05
47,3850.29,1.21355,2.01327,0.98394,1.32572,0,0.83584,0.70714,0.80004,0.47779,0.83001,0.69179,0.78258,0.43274,1.44443,2.48664,1.11868,1.5553,0,8.1784e-05,8.1784e-05,8.1784e-05
48,3931.53,1.20566,2.00562,0.97344,1.3252,0,0.84842,0.69672,0.79815,0.47424,0.82479,0.6961,0.78153,0.42849,1.47149,2.45338,1.11609,1.58302,0,8.1388e-05,8.1388e-05,8.1388e-05
49,4013.33,1.21188,2.02101,0.98727,1.32357,0,0.82245,0.69817,0.78922,0.44909,0.80879,0.68542,0.76754,0.40212,1.54944,2.64447,1.16614,1.68233,0,8.0992e-05,8.0992e-05,8.0992e-05
50,4094.75,1.20368,2.00641,0.97011,1.31755,0,0.83153,0.67962,0.77839,0.45451,0.82274,0.67554,0.76477,0.41008,1.51406,2.57218,1.16568,1.62525,0,8.0596e-05,8.0596e-05,8.0596e-05
51,4176.06,1.19632,1.99379,0.96479,1.31636,0,0.85128,0.69208,0.80141,0.47564,0.83862,0.68103,0.78032,0.42558,1.49068,2.5024,1.10538,1.60104,0,8.02e-05,8.02e-05,8.02e-05
52,4257.01,1.20404,2.00265,0.97336,1.32158,0,0.86278,0.70368,0.8129,0.48647,0.84174,0.69991,0.79224,0.43814,1.4555,2.46986,1.07873,1.55379,0,7.9804e-05,7.9804e-05,7.9804e-05
53,4338.46,1.19595,1.97528,0.96713,1.312,0,0.84759,0.67885,0.78563,0.4547,0.83304,0.67933,0.77155,0.41828,1.54451,2.52677,1.12587,1.65102,0,7.9408e-05,7.9408e-05,7.9408e-05
54,4419.56,1.19938,1.98823,0.96784,1.31854,0,0.85996,0.70049,0.80727,0.47957,0.84753,0.68498,0.78408,0.42731,1.47214,2.49061,1.09351,1.5837,0,7.9012e-05,7.9012e-05,7.9012e-05
55,4500.27,1.19225,1.97811,0.96027,1.30991,0,0.86056,0.68774,0.79846,0.45946,0.84109,0.68397,0.78344,0.42187,1.53145,2.46178,1.10846,1.63544,0,7.8616e-05,7.8616e-05,7.8616e-05
56,4581.13,1.18004,1.96108,0.94722,1.30711,0,0.85132,0.70948,0.81152,0.48296,0.84053,0.70049,0.79176,0.43607,1.46356,2.4687,1.07945,1.57265,0,7.822e-05,7.822e-05,7.822e-05
57,4661.84,1.19287,1.95809,0.95346,1.31318,0,0.85738,0.70415,0.80932,0.47861,0.8425,0.69701,0.79119,0.43124,1.48493,2.4725,1.07314,1.58266,0,7.7824e-05,7.7824e-05,7.7824e-05
58,4743.37,1.19165,1.97446,0.95883,1.31375,0,0.8407,0.69164,0.78617,0.45879,0.82683,0.6889,0.77174,0.41109,1.51659,2.64965,1.14256,1.62681,0,7.7428e-05,7.7428e-05,7.7428e-05
59,4824.83,1.16876,1.9454,0.93881,1.29919,0,0.86234,0.6802,0.7932,0.448,0.84784,0.67237,0.77583,0.40728,1.58491,2.57211,1.11694,1.69066,0,7.7032e-05,7.7032e-05,7.7032e-05
60,4905.63,1.19009,1.97099,0.95199,1.3085,0,0.84547,0.71387,0.81792,0.496,0.84337,0.69005,0.79708,0.44243,1.41607,2.46755,1.05122,1.52428,0,7.6636e-05,7.6636e-05,7.6636e-05
61,4986.94,1.17684,1.94155,0.93508,1.29869,0,0.85507,0.6945,0.80101,0.46066,0.84291,0.6915,0.78771,0.42075,1.54594,2.51071,1.08064,1.65457,0,7.624e-05,7.624e-05,7.624e-05
62,5067.77,1.17063,1.94627,0.92687,1.29905,0,0.87147,0.69198,0.80657,0.47756,0.86198,0.68444,0.78935,0.43111,1.49774,2.53359,1.07596,1.60453,0,7.5844e-05,7.5844e-05,7.5844e-05
63,5148.61,1.17265,1.95012,0.93631,1.2983,0,0.84839,0.68956,0.79247,0.45739,0.83799,0.6802,0.7766,0.41499,1.55238,2.57811,1.1033,1.65621,0,7.5448e-05,7.5448e-05,7.5448e-05
64,5229.42,1.17686,1.93071,0.92757,1.30016,0,0.84308,0.70096,0.79608,0.4645,0.8368,0.69575,0.78471,0.42639,1.52559,2.46289,1.08321,1.64658,0,7.5052e-05,7.5052e-05,7.5052e-05
65,5310.74,1.17775,1.95593,0.9369,1.29927,0,0.83373,0.71382,0.80908,0.48584,0.82749,0.70165,0.79188,0.43523,1.45731,2.4869,1.06846,1.5703,0,7.4656e-05,7.4656e-05,7.4656e-05
66,5391.07,1.16364,1.94967,0.92277,1.29501,0,0.86482,0.69,0.80554,0.48247,0.85481,0.68108,0.78595,0.4261,1.47879,2.56493,1.07404,1.56864,0,7.426e-05,7.426e-05,7.426e-05
67,5471.59,1.15866,1.93726,0.91423,1.28715,0,0.86122,0.70049,0.81415,0.49193,0.8384,0.70551,0.79882,0.44841,1.45397,2.42221,1.04477,1.55826,0,7.3864e-05,7.3864e-05,7.3864e-05
68,5553.2,1.17142,1.95031,0.92631,1.29546,0,0.84859,0.6831,0.78677,0.45357,0.83713,0.67509,0.76833,0.4097,1.56446,2.6061,1.10885,1.66861,0,7.3468e-05,7.3468e-05,7.3468e-05
69,5633.8,1.15884,1.9257,0.91797,1.28505,0,0.83722,0.70803,0.803,0.47436,0.83461,0.70194,0.79129,0.4318,1.51095,2.48301,1.06325,1.62037,0,7.3072e-05,7.3072e-05,7.3072e-05
70,5714.36,1.15472,1.91589,0.91007,1.291,0,0.83558,0.69556,0.7883,0.44807,0.82635,0.68774,0.77298,0.40771,1.58062,2.74006,1.0846,1.6968,0,7.2676e-05,7.2676e-05,7.2676e-05
71,5795.02,1.15733,1.91896,0.90825,1.28481,0,0.86646,0.70358,0.81037,0.48157,0.85182,0.6917,0.78937,0.43566,1.46395,2.47002,1.0676,1.5545,0,7.228e-05,7.228e-05,7.228e-05
72,5876.01,1.14996,1.91666,0.90118,1.2846,0,0.84842,0.69962,0.79509,0.46461,0.84069,0.69324,0.78403,0.42221,1.51683,2.47742,1.07428,1.64435,0,7.1884e-05,7.1884e-05,7.1884e-05
73,5956.6,1.15799,1.91689,0.91204,1.29088,0,0.83619,0.71238,0.80679,0.4808,0.82805,0.69933,0.78699,0.43539,1.47247,2.52101,1.04647,1.59545,0,7.1488e-05,7.1488e-05,7.1488e-05
74,6037.75,1.14894,1.90621,0.89633,1.27986,0,0.84455,0.69759,0.80704,0.47777,0.82329,0.70513,0.79177,0.43652,1.491,2.50978,1.0603,1.61431,0,7.1092e-05,7.1092e-05,7.1092e-05
75,6118.03,1.15233,1.89889,0.89972,1.2844,0,0.84121,0.70349,0.80341,0.47574,0.8229,0.70459,0.7921,0.43342,1.50265,2.45418,1.06093,1.61289,0,7.0696e-05,7.0696e-05,7.0696e-05
76,6198.77,1.14337,1.89746,0.89808,1.28046,0,0.86069,0.69683,0.80163,0.46939,0.84984,0.69063,0.79146,0.42641,1.5313,2.54255,1.06186,1.63691,0,7.03e-05,7.03e-05,7.03e-05
77,6279.8,1.14387,1.88572,0.88741,1.27522,0,0.85356,0.70716,0.80959,0.48152,0.83586,0.70252,0.79449,0.43666,1.48234,2.52503,1.05112,1.59666,0,6.9904e-05,6.9904e-05,6.9904e-05
78,6360.79,1.14743,1.89303,0.88852,1.27617,0,0.85627,0.71702,0.82016,0.49169,0.84807,0.70455,0.80346,0.44216,1.46562,2.45595,1.02662,1.58162,0,6.9508e-05,6.9508e-05,6.9508e-05
79,6441.43,1.14294,1.8766,0.88976,1.2804,0,0.85108,0.71088,0.80947,0.47414,0.83943,0.70977,0.79773,0.43425,1.51906,2.55066,1.0451,1.64521,0,6.9112e-05,6.9112e-05,6.9112e-05
80,6522.33,1.14375,1.9133,0.89683,1.27556,0,0.83773,0.7118,0.80137,0.45609,0.83125,0.70629,0.79024,0.42181,1.59773,2.54634,1.0555,1.72126,0,6.8716e-05,6.8716e-05,6.8716e-05
81,6603.42,1.14666,1.89106,0.885,1.27858,0,0.85736,0.71325,0.81329,0.48323,0.84064,0.71267,0.80181,0.44152,1.47702,2.45285,1.0442,1.5885,0,6.832e-05,6.832e-05,6.832e-05
82,6684.59,1.14239,1.8787,0.88352,1.27375,0,0.83671,0.72978,0.82123,0.49913,0.825,0.71818,0.80232,0.44756,1.42843,2.40719,1.02738,1.54825,0,6.7924e-05,6.7924e-05,6.7924e-05
83,6765.67,1.13777,1.87104,0.87457,1.2684,0,0.83674,0.71731,0.80882,0.47693,0.82523,0.71325,0.79726,0.43116,1.50585,2.54573,1.03903,1.61554,0,6.7528e-05,6.7528e-05,6.7528e-05
84,6846.78,1.136,1.86466,0.87837,1.26423,0,0.85809,0.70301,0.80892,0.48013,0.84545,0.69759,0.79519,0.43364,1.4923,2.52232,1.03276,1.59452,0,6.7132e-05,6.7132e-05,6.7132e-05
85,6928.01,1.12579,1.87852,0.8676,1.26235,0,0.85307,0.70536,0.80791,0.47357,0.84004,0.70194,0.79297,0.43323,1.51278,2.55229,1.03345,1.62218,0,6.6736e-05,6.6736e-05,6.6736e-05
86,7009.13,1.12808,1.87726,0.86919,1.26524,0,0.84237,0.72108,0.8158,0.48322,0.83504,0.72224,0.80533,0.44354,1.48983,2.41572,1.02179,1.62527,0,6.634e-05,6.634e-05,6.634e-05
87,7090.37,1.13154,1.87353,0.87674,1.27084,0,0.8379,0.7149,0.80892,0.48207,0.83382,0.71142,0.79771,0.44563,1.49568,2.44391,1.03367,1.6307,0,6.5944e-05,6.5944e-05,6.5944e-05
88,7171.03,1.13792,1.87814,0.88251,1.27114,0,0.85858,0.70232,0.80625,0.47312,0.84909,0.69167,0.79031,0.43029,1.52662,2.56153,1.03859,1.63175,0,6.5548e-05,6.5548e-05,6.5548e-05
89,7252.31,1.13996,1.88167,0.87994,1.27044,0,0.86176,0.72427,0.82138,0.48716,0.85489,0.71267,0.80449,0.4404,1.47693,2.51321,1.0035,1.59503,0,6.5152e-05,6.5152e-05,6.5152e-05
90,7333,1.11806,1.86206,0.86852,1.25719,0,0.86519,0.70832,0.8146,0.47602,0.85696,0.70107,0.80166,0.43941,1.51611,2.48819,1.02765,1.64321,0,6.4756e-05,6.4756e-05,6.4756e-05
91,7413.66,1.11575,1.83536,0.85302,1.25542,0,0.86866,0.71876,0.8206,0.4807,0.85484,0.712,0.80341,0.43993,1.50862,2.55696,1.00034,1.63859,0,6.436e-05,6.436e-05,6.436e-05
92,7494.11,1.1351,1.85307,0.87014,1.26877,0,0.86317,0.72253,0.82548,0.50057,0.85485,0.71557,0.80867,0.45865,1.43908,2.37394,0.99741,1.54377,0,6.3964e-05,6.3964e-05,6.3964e-05
93,7574.71,1.11416,1.83896,0.84812,1.25473,0,0.8632,0.72262,0.82499,0.48977,0.85035,0.71818,0.8063,0.44468,1.47455,2.45231,0.99999,1.57935,0,6.3568e-05,6.3568e-05,6.3568e-05
94,7655.35,1.12364,1.82954,0.86017,1.25884,0,0.84479,0.72436,0.82301,0.48542,0.8326,0.71905,0.80691,0.44371,1.46938,2.47505,1.00698,1.59192,0,6.3172e-05,6.3172e-05,6.3172e-05
95,7735.94,1.12314,1.83416,0.85537,1.25325,0,0.85244,0.72023,0.82001,0.49175,0.83956,0.70977,0.80269,0.44604,1.46044,2.5058,1.00141,1.57873,0,6.2776e-05,6.2776e-05,6.2776e-05
96,7816.81,1.11514,1.82813,0.8522,1.25204,0,0.83382,0.7234,0.81095,0.48637,0.82134,0.71312,0.7937,0.44282,1.47138,2.45188,1.02104,1.58456,0,6.238e-05,6.238e-05,6.238e-05
97,7897.73,1.10894,1.81978,0.84023,1.25238,0,0.86172,0.72093,0.82084,0.49034,0.84072,0.7162,0.80368,0.44288,1.47296,2.51325,1.00254,1.59961,0,6.1984e-05,6.1984e-05,6.1984e-05
98,7978.16,1.11782,1.83846,0.85704,1.25726,0,0.85595,0.72357,0.82028,0.49091,0.84875,0.71914,0.80786,0.45131,1.46547,2.41212,0.99833,1.58503,0,6.1588e-05,6.1588e-05,6.1588e-05
99,8058.78,1.11489,1.84276,0.85398,1.24977,0,0.85236,0.7181,0.81393,0.48183,0.84135,0.70882,0.79809,0.43793,1.49589,2.53223,1.01015,1.6165,0,6.1192e-05,6.1192e-05,6.1192e-05
100,8139.58,1.1212,1.85143,0.85557,1.257,0,0.85908,0.72648,0.82516,0.49246,0.85098,0.7169,0.80916,0.44964,1.46548,2.46956,0.98805,1.59183,0,6.0796e-05,6.0796e-05,6.0796e-05
101,8220.12,1.09929,1.82537,0.84768,1.24596,0,0.85593,0.72427,0.8224,0.49575,0.84329,0.71557,0.80594,0.45019,1.45231,2.43999,0.99353,1.56543,0,6.04e-05,6.04e-05,6.04e-05
102,8300.94,1.10621,1.81887,0.84184,1.24592,0,0.85253,0.72166,0.81565,0.48099,0.84467,0.71263,0.79909,0.44005,1.49827,2.47441,1.00936,1.61338,0,6.0004e-05,6.0004e-05,6.0004e-05
103,8381.43,1.11064,1.8228,0.84969,1.25483,0,0.85156,0.70716,0.80874,0.47852,0.8449,0.70126,0.79538,0.43639,1.51057,2.53887,1.02091,1.63283,0,5.9608e-05,5.9608e-05,5.9608e-05
104,8462,1.10046,1.81782,0.83634,1.24448,0,0.84234,0.72282,0.81914,0.49707,0.84581,0.71528,0.80668,0.45547,1.44871,2.41008,0.99436,1.5549,0,5.9212e-05,5.9212e-05,5.9212e-05
105,8542.54,1.10919,1.82191,0.83855,1.25231,0,0.84177,0.72495,0.81651,0.48667,0.83584,0.71499,0.80279,0.4426,1.48947,2.50858,0.99539,1.61296,0,5.8816e-05,5.8816e-05,5.8816e-05
106,8623.2,1.10246,1.81434,0.83648,1.24493,0,0.85213,0.72775,0.8232,0.50383,0.84432,0.72108,0.80898,0.46157,1.42628,2.37786,0.97981,1.54057,0,5.842e-05,5.842e-05,5.842e-05
107,8703.92,1.10351,1.81639,0.83425,1.24473,0,0.84782,0.72367,0.81784,0.48776,0.83413,0.71615,0.80542,0.44473,1.46862,2.46436,1.0004,1.58145,0,5.8024e-05,5.8024e-05,5.8024e-05
108,8784.64,1.09517,1.81414,0.82983,1.23667,0,0.85617,0.72021,0.81267,0.48176,0.8448,0.71064,0.79628,0.43422,1.51341,2.56905,1.00402,1.6294,0,5.7628e-05,5.7628e-05,5.7628e-05
109,8865.34,1.09479,1.81472,0.8292,1.23805,0,0.86363,0.71794,0.82165,0.49621,0.86137,0.70629,0.80766,0.45479,1.45128,2.39184,0.98629,1.54971,0,5.7232e-05,5.7232e-05,5.7232e-05
110,8946.05,1.10301,1.82191,0.83427,1.24599,0,0.84323,0.72832,0.81727,0.49145,0.83451,0.72078,0.80379,0.45173,1.45439,2.42801,0.99369,1.56387,0,5.6836e-05,5.6836e-05,5.6836e-05
111,9026.65,1.10185,1.8099,0.82985,1.24285,0,0.85513,0.73297,0.82851,0.50467,0.84793,0.72751,0.81436,0.45637,1.43352,2.43776,0.97184,1.5438,0,5.644e-05,5.644e-05,5.644e-05
112,9107.09,1.0996,1.79953,0.82554,1.24246,0,0.84195,0.73442,0.82205,0.49314,0.83932,0.7234,0.80894,0.45037,1.47056,2.50013,0.97698,1.58931,0,5.6044e-05,5.6044e-05,5.6044e-05
113,9187.61,1.09559,1.78925,0.82343,1.2432,0,0.84936,0.73645,0.82819,0.49225,0.84009,0.72978,0.81381,0.44608,1.48168,2.46224,0.98481,1.60351,0,5.5648e-05,5.5648e-05,5.5648e-05
114,9268.48,1.07774,1.77979,0.81977,1.22921,0,0.86375,0.71209,0.8166,0.48848,0.85468,0.70803,0.80537,0.44575,1.47874,2.49432,0.9922,1.60565,0,5.5252e-05,5.5252e-05,5.5252e-05
115,9349.31,1.09321,1.80124,0.82096,1.23917,0,0.85543,0.72224,0.81986,0.49362,0.84491,0.71551,0.80261,0.44902,1.46735,2.48904,0.985,1.5765,0,5.4856e-05,5.4856e-05,5.4856e-05
116,9429.9,1.08781,1.79372,0.83022,1.23679,0,0.86937,0.72938,0.82876,0.49846,0.85565,0.72528,0.81569,0.45636,1.45787,2.4082,0.96822,1.57969,0,5.446e-05,5.446e-05,5.446e-05
117,9510.45,1.0831,1.77857,0.81988,1.23036,0,0.87231,0.71354,0.82279,0.49319,0.8619,0.70716,0.80706,0.44522,1.47606,2.49588,0.98281,1.5892,0,5.4064e-05,5.4064e-05,5.4064e-05
118,9591.33,1.09109,1.78356,0.8231,1.24138,0,0.86024,0.72775,0.82801,0.50449,0.85098,0.71992,0.8127,0.45836,1.43786,2.42368,0.96729,1.56649,0,5.3668e-05,5.3668e-05,5.3668e-05
119,9671.87,1.09456,1.8029,0.82557,1.23657,0,0.86389,0.73007,0.83197,0.50474,0.85428,0.72195,0.81526,0.45936,1.43629,2.40808,0.96845,1.54815,0,5.3272e-05,5.3272e-05,5.3272e-05
120,9752.3,1.07862,1.78348,0.80739,1.22715,0,0.84643,0.74307,0.82894,0.50787,0.84136,0.73268,0.81414,0.46284,1.42339,2.43258,0.95731,1.53351,0,5.2876e-05,5.2876e-05,5.2876e-05
121,9832.81,1.0902,1.7883,0.81924,1.234,0,0.86768,0.71586,0.82115,0.49979,0.85053,0.70919,0.80613,0.45443,1.45516,2.43856,0.97265,1.56796,0,5.248e-05,5.248e-05,5.248e-05
122,9913.32,1.08653,1.77555,0.81674,1.23443,0,0.85064,0.73847,0.82705,0.50032,0.84138,0.72978,0.81356,0.45578,1.45226,2.43616,0.97177,1.57078,0,5.2084e-05,5.2084e-05,5.2084e-05
123,9994.04,1.08425,1.787,0.81562,1.22479,0,0.85582,0.73297,0.83047,0.49992,0.84287,0.72629,0.81526,0.4542,1.4549,2.43763,0.96096,1.56437,0,5.1688e-05,5.1688e-05,5.1688e-05
124,10074.7,1.07167,1.76021,0.79389,1.22094,0,0.85725,0.73645,0.8308,0.502,0.84873,0.72746,0.81533,0.45549,1.45396,2.47242,0.95602,1.56504,0,5.1292e-05,5.1292e-05,5.1292e-05
125,10155.4,1.07989,1.77493,0.80866,1.22709,0,0.8349,0.7331,0.81987,0.48985,0.82961,0.72559,0.80727,0.44728,1.48328,2.50102,0.97899,1.59695,0,5.0896e-05,5.0896e-05,5.0896e-05
126,10235.8,1.0809,1.7622,0.80787,1.22852,0,0.84335,0.72311,0.81584,0.48105,0.83862,0.71719,0.80505,0.44137,1.52081,2.50749,0.98088,1.64399,0,5.05e-05,5.05e-05,5.05e-05
127,10316.3,1.07958,1.77063,0.80551,1.22448,0,0.86387,0.72862,0.82687,0.49426,0.83955,0.72514,0.81062,0.44922,1.47303,2.48005,0.97258,1.57818,0,5.0104e-05,5.0104e-05,5.0104e-05
128,10396.7,1.08443,1.79159,0.81531,1.22769,0,0.85004,0.73626,0.82765,0.50255,0.84293,0.72485,0.80905,0.45505,1.44964,2.45115,0.96319,1.55801,0,4.9708e-05,4.9708e-05,4.9708e-05
129,10477.6,1.07732,1.7926,0.81222,1.22613,0,0.85915,0.71876,0.81862,0.48507,0.83969,0.72195,0.80392,0.44439,1.50649,2.49016,0.97414,1.63156,0,4.9312e-05,4.9312e-05,4.9312e-05
130,10558.5,1.07318,1.76682,0.79965,1.22004,0,0.85058,0.73442,0.8244,0.49748,0.84553,0.72685,0.81228,0.45546,1.46198,2.44548,0.96557,1.58158,0,4.8916e-05,4.8916e-05,4.8916e-05
131,10639.2,1.07006,1.73781,0.78803,1.22407,0,0.84084,0.73676,0.82266,0.48786,0.83431,0.73152,0.81012,0.44492,1.49299,2.51872,0.96574,1.6178,0,4.852e-05,4.852e-05,4.852e-05
132,10719.9,1.07192,1.75266,0.8032,1.22132,0,0.86232,0.73152,0.82544,0.49158,0.85286,0.72601,0.81214,0.44747,1.48534,2.47043,0.96857,1.60042,0,4.8124e-05,4.8124e-05,4.8124e-05
133,10800.2,1.06626,1.76045,0.7983,1.22367,0,0.84894,0.74891,0.83347,0.51252,0.84257,0.73847,0.81857,0.46558,1.42176,2.4021,0.93685,1.52894,0,4.7728e-05,4.7728e-05,4.7728e-05
134,10880.9,1.07514,1.77063,0.80344,1.22813,0,0.85125,0.72833,0.82229,0.49122,0.84555,0.72398,0.81295,0.44849,1.48445,2.48414,0.96383,1.60943,0,4.7332e-05,4.7332e-05,4.7332e-05
135,10961.3,1.07044,1.7602,0.7923,1.2178,0,0.85697,0.74195,0.83326,0.50741,0.85048,0.73062,0.81927,0.45926,1.43957,2.44372,0.95028,1.55513,0,4.6936e-05,4.6936e-05,4.6936e-05
136,11041.8,1.06972,1.75577,0.79634,1.22018,0,0.85652,0.72174,0.82164,0.49677,0.84528,0.72071,0.80983,0.45215,1.46548,2.43685,0.96608,1.5785,0,4.654e-05,4.654e-05,4.654e-05
137,11122,1.05978,1.74894,0.78959,1.21644,0,0.85058,0.73413,0.82389,0.49712,0.84293,0.72818,0.81133,0.45302,1.4698,2.45172,0.96276,1.58961,0,4.6144e-05,4.6144e-05,4.6144e-05
138,11202.4,1.06394,1.73527,0.77904,1.21536,0,0.85244,0.73326,0.82594,0.50237,0.843,0.72514,0.81187,0.45649,1.45172,2.4668,0.95434,1.5659,0,4.5748e-05,4.5748e-05,4.5748e-05
139,11282.7,1.07437,1.77251,0.79908,1.22479,0,0.86548,0.73297,0.83398,0.50546,0.85924,0.72563,0.81962,0.45969,1.44097,2.44289,0.94174,1.55993,0,4.5352e-05,4.5352e-05,4.5352e-05
140,11363,1.07265,1.75087,0.80398,1.22148,0,0.85665,0.72688,0.82292,0.48787,0.84811,0.71963,0.80839,0.44263,1.5041,2.54545,0.96871,1.63249,0,4.4956e-05,4.4956e-05,4.4956e-05
141,11443.5,1.07006,1.76556,0.79157,1.22016,0,0.85419,0.74572,0.83598,0.51039,0.84515,0.73732,0.82032,0.46549,1.43669,2.43198,0.93299,1.5514,0,4.456e-05,4.456e-05,4.456e-05
142,11524,1.07154,1.74995,0.79605,1.22233,0,0.86314,0.73691,0.83284,0.50452,0.85747,0.72543,0.81778,0.45921,1.4481,2.45361,0.94728,1.56382,0,4.4164e-05,4.4164e-05,4.4164e-05
143,11604.7,1.0589,1.74012,0.77996,1.21163,0,0.86607,0.7275,0.82708,0.49795,0.85703,0.7176,0.81253,0.45324,1.47515,2.4875,0.95496,1.59127,0,4.3768e-05,4.3768e-05,4.3768e-05
144,11685.3,1.0749,1.75605,0.79669,1.21931,0,0.85281,0.7358,0.83066,0.49874,0.84659,0.72949,0.81742,0.45595,1.46595,2.46319,0.94688,1.58163,0,4.3372e-05,4.3372e-05,4.3372e-05
145,11766.1,1.05821,1.7385,0.79098,1.21515,0,0.8599,0.73818,0.83106,0.50007,0.84817,0.7321,0.81775,0.45513,1.46404,2.47242,0.94561,1.57954,0,4.2976e-05,4.2976e-05,4.2976e-05
146,11846.5,1.05183,1.73299,0.77558,1.21161,0,0.85951,0.73384,0.8298,0.50022,0.85358,0.72369,0.81442,0.45405,1.45867,2.46002,0.95205,1.5737,0,4.258e-05,4.258e-05,4.258e-05
147,11927.1,1.06044,1.7308,0.77909,1.21036,0,0.85678,0.74584,0.83368,0.50121,0.84746,0.73772,0.81853,0.45836,1.46228,2.45416,0.94018,1.58581,0,4.2184e-05,4.2184e-05,4.2184e-05
148,12007.7,1.05456,1.73589,0.77901,1.20966,0,0.85972,0.73385,0.82773,0.49284,0.84851,0.72428,0.81073,0.44617,1.49416,2.52253,0.95475,1.61193,0,4.1788e-05,4.1788e-05,4.1788e-05
149,12088.1,1.06151,1.73751,0.78598,1.21714,0,0.84875,0.74311,0.82996,0.49373,0.84553,0.73164,0.81584,0.45375,1.4823,2.47339,0.94724,1.6099,0,4.1392e-05,4.1392e-05,4.1392e-05
150,12168.7,1.04782,1.7263,0.77516,1.20625,0,0.85642,0.73558,0.82906,0.4914,0.8449,0.72812,0.81491,0.45053,1.49584,2.5174,0.94736,1.62074,0,4.0996e-05,4.0996e-05,4.0996e-05
151,12248.8,1.05921,1.72069,0.78054,1.21586,0,0.86251,0.7421,0.83495,0.5078,0.85492,0.73529,0.82239,0.46364,1.44741,2.44108,0.93424,1.56526,0,4.06e-05,4.06e-05,4.06e-05
152,12329.2,1.05137,1.72632,0.77125,1.20883,0,0.85871,0.74166,0.83112,0.50397,0.85147,0.73442,0.81918,0.46193,1.45334,2.47724,0.94208,1.56935,0,4.0204e-05,4.0204e-05,4.0204e-05
153,12409.4,1.05046,1.70429,0.77456,1.20571,0,0.8555,0.72804,0.82614,0.49727,0.85494,0.71934,0.81367,0.4563,1.46399,2.47511,0.95419,1.57821,0,3.9808e-05,3.9808e-05,3.9808e-05
154,12489.9,1.05872,1.7527,0.77612,1.21256,0,0.84937,0.74514,0.83099,0.50303,0.85225,0.73065,0.81855,0.45894,1.4521,2.451,0.94398,1.5656,0,3.9412e-05,3.9412e-05,3.9412e-05
155,12570.3,1.04369,1.69392,0.7642,1.20614,0,0.85556,0.73507,0.82924,0.50002,0.84713,0.72782,0.8159,0.4559,1.46225,2.48285,0.9461,1.57863,0,3.9016e-05,3.9016e-05,3.9016e-05
156,12650.8,1.05458,1.72001,0.77733,1.21039,0,0.85114,0.74021,0.82836,0.50202,0.84349,0.72971,0.81466,0.45835,1.46037,2.45212,0.94888,1.56749,0,3.862e-05,3.862e-05,3.862e-05
157,12731.1,1.05315,1.73305,0.77532,1.20978,0,0.86892,0.72253,0.82847,0.50031,0.8575,0.71533,0.81413,0.45549,1.4602,2.44965,0.94617,1.56829,0,3.8224e-05,3.8224e-05,3.8224e-05
158,12811.4,1.0459,1.71046,0.77047,1.20292,0,0.86532,0.72775,0.83276,0.50497,0.8534,0.71731,0.81728,0.45932,1.45234,2.45962,0.93624,1.56299,0,3.7828e-05,3.7828e-05,3.7828e-05
159,12891.8,1.04471,1.71826,0.76797,1.20749,0,0.86761,0.73181,0.83183,0.49674,0.86015,0.7276,0.82059,0.45437,1.48567,2.48357,0.93789,1.60709,0,3.7432e-05,3.7432e-05,3.7432e-05
160,12972.3,1.03865,1.69768,0.76634,1.19877,0,0.86879,0.7321,0.83339,0.50026,0.86087,0.72543,0.82083,0.45733,1.47382,2.46932,0.93861,1.59104,0,3.7036e-05,3.7036e-05,3.7036e-05
161,13052.6,1.04184,1.71437,0.76703,1.20403,0,0.838,0.74691,0.8302,0.49924,0.82954,0.73937,0.81661,0.45399,1.47614,2.49029,0.94138,1.59752,0,3.664e-05,3.664e-05,3.664e-05
162,13132.8,1.04723,1.72328,0.76688,1.20467,0,0.85098,0.74835,0.83501,0.507,0.85089,0.73297,0.81941,0.46071,1.44977,2.46856,0.93405,1.55962,0,3.6244e-05,3.6244e-05,3.6244e-05
163,13213.1,1.04505,1.72218,0.76951,1.20069,0,0.86806,0.7268,0.83024,0.5027,0.86348,0.72282,0.81898,0.45866,1.45886,2.46904,0.94657,1.57102,0,3.5848e-05,3.5848e-05,3.5848e-05
164,13293.4,1.05041,1.73446,0.76609,1.20899,0,0.86845,0.72545,0.83022,0.50215,0.86346,0.71818,0.81956,0.45905,1.46387,2.47035,0.93931,1.57929,0,3.5452e-05,3.5452e-05,3.5452e-05
165,13373.7,1.03842,1.72473,0.75992,1.20369,0,0.85607,0.7379,0.83127,0.50364,0.85047,0.73007,0.81928,0.4581,1.46006,2.47594,0.9408,1.5776,0,3.5056e-05,3.5056e-05,3.5056e-05
166,13454.2,1.04462,1.69772,0.76539,1.20456,0,0.86552,0.73149,0.82926,0.49938,0.85797,0.72511,0.81761,0.45338,1.47069,2.48629,0.94045,1.59246,0,3.466e-05,3.466e-05,3.466e-05
167,13534.8,1.04497,1.71389,0.77199,1.21109,0,0.86139,0.73847,0.83512,0.50897,0.86017,0.72767,0.82321,0.46306,1.44515,2.4306,0.9355,1.55814,0,3.4264e-05,3.4264e-05,3.4264e-05
168,13615.1,1.04195,1.68582,0.76706,1.20264,0,0.8581,0.735,0.82815,0.49824,0.85173,0.72787,0.81794,0.45435,1.47873,2.50025,0.94351,1.59893,0,3.3868e-05,3.3868e-05,3.3868e-05
169,13695.5,1.05262,1.70881,0.77421,1.2064,0,0.87111,0.72112,0.82845,0.49652,0.86209,0.7159,0.81602,0.45479,1.47835,2.48772,0.94103,1.5985,0,3.3472e-05,3.3472e-05,3.3472e-05
170,13775.8,1.0353,1.68638,0.76127,1.20265,0,0.86417,0.73599,0.83194,0.50343,0.85879,0.7247,0.81966,0.46016,1.4521,2.45106,0.93365,1.56787,0,3.3076e-05,3.3076e-05,3.3076e-05
171,13856.4,1.03708,1.69,0.75135,1.19667,0,0.84785,0.74323,0.83034,0.50044,0.84615,0.73511,0.82032,0.4571,1.47034,2.47856,0.93513,1.58972,0,3.268e-05,3.268e-05,3.268e-05
172,13936.8,1.01607,1.6719,0.74505,1.18765,0,0.86281,0.72936,0.82954,0.49147,0.85509,0.72485,0.81707,0.44919,1.50428,2.55024,0.934,1.63087,0,3.2284e-05,3.2284e-05,3.2284e-05
173,14017.5,1.04064,1.69312,0.75567,1.19923,0,0.86127,0.73622,0.83041,0.49456,0.85325,0.72891,0.81671,0.45275,1.49425,2.52562,0.93682,1.61813,0,3.1888e-05,3.1888e-05,3.1888e-05
174,14098,1.04396,1.7025,0.76196,1.20312,0,0.85496,0.74177,0.83268,0.49798,0.85251,0.73094,0.82021,0.45487,1.48101,2.49826,0.93388,1.60263,0,3.1492e-05,3.1492e-05,3.1492e-05
175,14178.5,1.03768,1.70302,0.75509,1.19629,0,0.84708,0.74398,0.8329,0.49911,0.84101,0.73769,0.81917,0.45692,1.48588,2.48754,0.9338,1.60319,0,3.1096e-05,3.1096e-05,3.1096e-05
176,14258.8,1.03492,1.68884,0.75262,1.19674,0,0.84009,0.75181,0.83472,0.50393,0.85746,0.72732,0.82123,0.45989,1.46602,2.47017,0.92695,1.58225,0,3.07e-05,3.07e-05,3.07e-05
177,14339.6,1.03636,1.70387,0.76021,1.1973,0,0.86106,0.74398,0.83728,0.50852,0.85551,0.73646,0.82364,0.46474,1.44478,2.45301,0.9229,1.55637,0,3.0304e-05,3.0304e-05,3.0304e-05
178,14420.1,1.03342,1.67838,0.75485,1.19618,0,0.84676,0.7514,0.83333,0.50575,0.84172,0.7434,0.82028,0.46056,1.45898,2.46891,0.92895,1.5765,0,2.9908e-05,2.9908e-05,2.9908e-05
179,14500.5,1.03422,1.68502,0.75862,1.20099,0,0.83492,0.75523,0.83239,0.50185,0.84821,0.73069,0.81767,0.45826,1.4672,2.47607,0.93375,1.59153,0,2.9512e-05,2.9512e-05,2.9512e-05
180,14581,1.03088,1.67366,0.75425,1.19666,0,0.86738,0.73197,0.83315,0.49984,0.85948,0.7253,0.81947,0.45674,1.47834,2.49436,0.93505,1.60236,0,2.9116e-05,2.9116e-05,2.9116e-05
181,14661.7,1.03749,1.69827,0.75246,1.19678,0,0.84617,0.73682,0.82632,0.49614,0.84208,0.72949,0.81582,0.45213,1.4865,2.48913,0.94107,1.60675,0,2.872e-05,2.872e-05,2.872e-05
182,14742.4,1.04098,1.67481,0.75751,1.19926,0,0.82142,0.75348,0.82196,0.49165,0.81627,0.74398,0.80888,0.44814,1.49974,2.52066,0.94568,1.62478,0,2.8324e-05,2.8324e-05,2.8324e-05
183,14823,1.03798,1.70208,0.75073,1.19959,0,0.84331,0.74717,0.82881,0.5008,0.84782,0.73123,0.81688,0.458,1.4692,2.47873,0.92993,1.58473,0,2.7928e-05,2.7928e-05,2.7928e-05
184,14903.5,1.0224,1.67024,0.74146,1.18645,0,0.86212,0.73645,0.83328,0.50051,0.85431,0.72978,0.81966,0.45818,1.46933,2.48617,0.92476,1.58721,0,2.7532e-05,2.7532e-05,2.7532e-05
185,14983.8,1.03044,1.68326,0.7515,1.1919,0,0.8597,0.72746,0.82785,0.4932,0.85618,0.72253,0.81649,0.45267,1.49498,2.50923,0.93558,1.61198,0,2.7136e-05,2.7136e-05,2.7136e-05
186,15064.3,1.03354,1.67849,0.74829,1.196,0,0.85453,0.72717,0.82704,0.49259,0.84771,0.72137,0.8144,0.44921,1.49834,2.53269,0.93742,1.61506,0,2.674e-05,2.674e-05,2.674e-05
187,15144.9,1.03609,1.67328,0.755,1.18875,0,0.84523,0.74369,0.82842,0.49711,0.84166,0.7367,0.81783,0.45432,1.47953,2.51482,0.93369,1.59002,0,2.6344e-05,2.6344e-05,2.6344e-05
188,15225.4,1.02004,1.65812,0.74868,1.18759,0,0.83054,0.75355,0.82633,0.49437,0.84004,0.72933,0.81623,0.45134,1.49027,2.51633,0.93658,1.60928,0,2.5948e-05,2.5948e-05,2.5948e-05
189,15305.7,1.03302,1.67193,0.74981,1.19476,0,0.86719,0.73647,0.83327,0.50374,0.86221,0.72753,0.82091,0.46081,1.46224,2.48308,0.92399,1.57692,0,2.5552e-05,2.5552e-05,2.5552e-05
190,15386.3,1.01981,1.66424,0.74361,1.18266,0,0.8724,0.72753,0.83005,0.4962,0.86371,0.72028,0.81835,0.45504,1.49037,2.51997,0.93037,1.61047,0,2.5156e-05,2.5156e-05,2.5156e-05
191,15466.8,1.03155,1.68338,0.74276,1.19624,0,0.86042,0.735,0.82941,0.49541,0.85462,0.72804,0.81878,0.45249,1.49102,2.51838,0.9304,1.61113,0,2.476e-05,2.476e-05,2.476e-05
192,15547.2,1.02196,1.66559,0.74944,1.18838,0,0.85744,0.73703,0.83299,0.4998,0.85036,0.73094,0.82197,0.45703,1.47775,2.506,0.92764,1.59911,0,2.4364e-05,2.4364e-05,2.4364e-05
193,15627.7,1.02342,1.68292,0.74255,1.19004,0,0.85906,0.7405,0.83466,0.50358,0.85233,0.73471,0.82326,0.46026,1.46454,2.47912,0.92206,1.58483,0,2.3968e-05,2.3968e-05,2.3968e-05
194,15708.1,1.0211,1.67453,0.7459,1.18855,0,0.86647,0.7379,0.83541,0.50271,0.85762,0.73036,0.82216,0.45928,1.46748,2.49469,0.9195,1.58914,0,2.3572e-05,2.3572e-05,2.3572e-05
195,15788.5,1.01322,1.67171,0.74013,1.18776,0,0.86666,0.73616,0.83464,0.50425,0.85984,0.73036,0.82301,0.46126,1.46296,2.48512,0.91762,1.58352,0,2.3176e-05,2.3176e-05,2.3176e-05
196,15868.8,1.01909,1.69933,0.74828,1.18935,0,0.86626,0.73992,0.83808,0.50926,0.85815,0.73493,0.8245,0.46612,1.4453,2.46138,0.91398,1.55861,0,2.278e-05,2.278e-05,2.278e-05
197,15949.3,1.02366,1.66645,0.73978,1.18195,0,0.85806,0.74669,0.83962,0.51066,0.85463,0.73732,0.8256,0.46648,1.44443,2.45699,0.90843,1.5529,0,2.2384e-05,2.2384e-05,2.2384e-05
198,16029.6,1.0083,1.64645,0.73711,1.17788,0,0.86013,0.74717,0.83917,0.50718,0.85245,0.7405,0.82553,0.46399,1.45508,2.46975,0.91175,1.56469,0,2.1988e-05,2.1988e-05,2.1988e-05
199,16109.9,1.01903,1.66011,0.73328,1.18082,0,0.85484,0.74272,0.83536,0.50029,0.85234,0.73558,0.82327,0.45749,1.47851,2.49812,0.92066,1.59309,0,2.1592e-05,2.1592e-05,2.1592e-05
200,16190.2,1.01257,1.66119,0.73815,1.18165,0,0.84423,0.75442,0.83595,0.49984,0.84059,0.74454,0.82157,0.45602,1.47565,2.49672,0.91885,1.59118,0,2.1196e-05,2.1196e-05,2.1196e-05
201,16270.6,1.02683,1.66908,0.74343,1.19068,0,0.86018,0.7438,0.83568,0.49983,0.84946,0.73624,0.82157,0.45537,1.47647,2.51242,0.91749,1.59509,0,2.08e-05,2.08e-05,2.08e-05
202,16351,1.03013,1.68381,0.74641,1.19005,0,0.86071,0.74355,0.83641,0.50205,0.85255,0.73594,0.82414,0.45859,1.473,2.48806,0.91594,1.5878,0,2.0404e-05,2.0404e-05,2.0404e-05
203,16431.5,1.02138,1.67375,0.74535,1.18656,0,0.87189,0.735,0.83541,0.50114,0.86261,0.72717,0.82244,0.45748,1.47472,2.50132,0.91825,1.5872,0,2.0008e-05,2.0008e-05,2.0008e-05
204,16512.2,1.01064,1.661,0.72883,1.18057,0,0.84308,0.75152,0.83394,0.49916,0.83817,0.73963,0.82118,0.45726,1.48079,2.51185,0.92068,1.59773,0,1.9612e-05,1.9612e-05,1.9612e-05
205,16592.4,1.01902,1.6549,0.7304,1.18765,0,0.84775,0.75268,0.83709,0.50432,0.84283,0.74253,0.82395,0.46158,1.46466,2.49258,0.91458,1.57539,0,1.9216e-05,1.9216e-05,1.9216e-05
206,16672.8,1.01192,1.64294,0.73748,1.18108,0,0.84954,0.74981,0.83682,0.50335,0.84485,0.73733,0.82264,0.46238,1.46365,2.48723,0.91566,1.57285,0,1.882e-05,1.882e-05,1.882e-05
207,16752.9,1.01739,1.6452,0.73326,1.18465,0,0.8583,0.74466,0.83707,0.50554,0.85266,0.735,0.8226,0.46329,1.46218,2.48456,0.91242,1.57408,0,1.8424e-05,1.8424e-05,1.8424e-05
208,16833.3,1.01938,1.66975,0.73646,1.18304,0,0.84939,0.7522,0.83582,0.50372,0.84388,0.74253,0.82301,0.46111,1.46733,2.48623,0.9151,1.58026,0,1.8028e-05,1.8028e-05,1.8028e-05
209,16913.6,1.01729,1.67561,0.73602,1.18181,0,0.85432,0.74645,0.83526,0.5035,0.84735,0.74036,0.82311,0.46061,1.4678,2.50115,0.91679,1.5831,0,1.7632e-05,1.7632e-05,1.7632e-05
210,16994.1,1.02336,1.66318,0.73661,1.18509,0,0.85036,0.75065,0.83565,0.50524,0.85614,0.73326,0.82295,0.46144,1.46309,2.48442,0.91421,1.57841,0,1.7236e-05,1.7236e-05,1.7236e-05
211,17074.5,1.00721,1.65127,0.72536,1.17756,0,0.85178,0.74813,0.83532,0.50413,0.85224,0.73529,0.8238,0.46184,1.46815,2.49392,0.91527,1.58337,0,1.684e-05,1.684e-05,1.684e-05
212,17154.9,1.00804,1.64169,0.73098,1.179,0,0.85898,0.74021,0.83353,0.50321,0.85288,0.73285,0.82247,0.46017,1.46879,2.4956,0.91592,1.58647,0,1.6444e-05,1.6444e-05,1.6444e-05
213,17235.1,1.00333,1.65987,0.73127,1.18255,0,0.85307,0.7474,0.8349,0.50463,0.85493,0.73475,0.82394,0.46145,1.46672,2.49011,0.91391,1.58585,0,1.6048e-05,1.6048e-05,1.6048e-05
214,17315.4,1.017,1.64822,0.73663,1.18615,0,0.85533,0.74862,0.8345,0.50182,0.84867,0.73876,0.82347,0.45871,1.47362,2.51446,0.9152,1.59628,0,1.5652e-05,1.5652e-05,1.5652e-05
215,17395.6,1.01803,1.65645,0.73278,1.18022,0,0.85761,0.74514,0.83535,0.50269,0.8523,0.73784,0.82429,0.45903,1.47287,2.50906,0.91581,1.59326,0,1.5256e-05,1.5256e-05,1.5256e-05
216,17476,1.01941,1.66563,0.74117,1.188,0,0.85071,0.75181,0.83574,0.50247,0.8569,0.73439,0.82516,0.45927,1.47289,2.50552,0.91407,1.59382,0,1.486e-05,1.486e-05,1.486e-05
217,17556.4,1.01166,1.6521,0.73267,1.18136,0,0.87149,0.74021,0.83991,0.50817,0.86775,0.72891,0.8262,0.46415,1.45378,2.4759,0.90962,1.5684,0,1.4464e-05,1.4464e-05,1.4464e-05
218,17636.8,1.00509,1.63303,0.72293,1.17719,0,0.867,0.74281,0.83941,0.50759,0.86692,0.73095,0.82707,0.46499,1.45685,2.48071,0.9108,1.57051,0,1.4068e-05,1.4068e-05,1.4068e-05
219,17717,1.01115,1.64632,0.72546,1.18118,0,0.86465,0.73876,0.83769,0.50694,0.8585,0.73703,0.82716,0.46397,1.46081,2.48072,0.91191,1.57634,0,1.3672e-05,1.3672e-05,1.3672e-05
220,17797.4,1.00945,1.65474,0.73298,1.17829,0,0.85853,0.74369,0.8365,0.50459,0.85123,0.73825,0.8247,0.46232,1.46852,2.48683,0.91406,1.58497,0,1.3276e-05,1.3276e-05,1.3276e-05
221,17877.9,1.01158,1.64331,0.73638,1.17907,0,0.86808,0.73648,0.83605,0.50575,0.8521,0.735,0.82385,0.46282,1.4604,2.48269,0.9144,1.57498,0,1.288e-05,1.288e-05,1.288e-05
222,17958,1.00656,1.63747,0.72486,1.17729,0,0.86537,0.74166,0.83772,0.50705,0.85614,0.73507,0.82523,0.46287,1.45853,2.48414,0.91212,1.57094,0,1.2484e-05,1.2484e-05,1.2484e-05
223,18038.5,1.0119,1.66123,0.73207,1.18201,0,0.8625,0.73587,0.83431,0.50375,0.85552,0.73036,0.82324,0.45966,1.46955,2.49776,0.91655,1.58329,0,1.2088e-05,1.2088e-05,1.2088e-05
224,18118.5,1.01007,1.65861,0.72914,1.18017,0,0.86374,0.73847,0.83635,0.50484,0.85542,0.73268,0.82362,0.46056,1.46546,2.49257,0.91455,1.57982,0,1.1692e-05,1.1692e-05,1.1692e-05
225,18199,1.00819,1.63277,0.73308,1.17673,0,0.86427,0.74166,0.83742,0.50648,0.85058,0.73775,0.82445,0.4616,1.45897,2.48454,0.91351,1.57039,0,1.1296e-05,1.1296e-05,1.1296e-05
226,18279.6,1.00896,1.64636,0.73358,1.17967,0,0.85965,0.74775,0.83826,0.50816,0.84998,0.73934,0.82418,0.46382,1.45595,2.47828,0.91083,1.56849,0,1.09e-05,1.09e-05,1.09e-05
227,18359.8,1.00667,1.6456,0.73283,1.17801,0,0.85704,0.74891,0.83797,0.50747,0.8485,0.73992,0.82466,0.4639,1.45617,2.482,0.91171,1.56768,0,1.0504e-05,1.0504e-05,1.0504e-05
228,18440.3,1.01025,1.65286,0.7344,1.17737,0,0.85785,0.74746,0.8381,0.50778,0.8499,0.73879,0.82472,0.46383,1.45516,2.47616,0.91319,1.56688,0,1.0108e-05,1.0108e-05,1.0108e-05
229,18520.7,1.0109,1.65713,0.73105,1.17585,0,0.86096,0.74329,0.83825,0.50859,0.85122,0.73488,0.82426,0.46566,1.45226,2.47623,0.91204,1.56359,0,9.712e-06,9.712e-06,9.712e-06
230,18601.1,1.00138,1.64675,0.72419,1.17425,0,0.86516,0.74108,0.83801,0.50827,0.85561,0.73326,0.82396,0.46479,1.45382,2.47422,0.91351,1.56568,0,9.316e-06,9.316e-06,9.316e-06
231,18681.4,0.99793,1.62561,0.72043,1.17251,0,0.86804,0.74001,0.83812,0.50771,0.85862,0.73152,0.82325,0.46403,1.45476,2.48292,0.91184,1.56634,0,8.92e-06,8.92e-06,8.92e-06
232,18761.6,1.00905,1.64381,0.73024,1.1788,0,0.86825,0.73963,0.83847,0.50903,0.85872,0.73152,0.82404,0.46507,1.45275,2.48532,0.91056,1.56529,0,8.524e-06,8.524e-06,8.524e-06
233,18841.8,1.01248,1.64884,0.73235,1.1825,0,0.87477,0.73521,0.83827,0.50917,0.86615,0.72796,0.82452,0.46592,1.45162,2.47828,0.90853,1.56371,0,8.128e-06,8.128e-06,8.128e-06
