0 0.135254 0.067383 0.129395 0.070801 0.123535 0.076172 0.120605 0.081055 0.120605 0.082031 0.119141 0.084961 0.118652 0.088867 0.118164 0.089355 0.118164 0.096680 0.118652 0.097168 0.118652 0.100098 0.119141 0.100586 0.119629 0.103516 0.120117 0.104004 0.120117 0.105469 0.120605 0.105957 0.120605 0.108887 0.121094 0.109375 0.121094 0.110840 0.123047 0.113770 0.123047 0.114746 0.123535 0.115234 0.123535 0.116211 0.124023 0.116699 0.124023 0.117676 0.125488 0.121094 0.133301 0.128906 0.135254 0.129883 0.136719 0.131348 0.139160 0.132324 0.140137 0.133301 0.143066 0.134766 0.145996 0.135254 0.149414 0.136719 0.153320 0.136719 0.153809 0.137207 0.161621 0.137207 0.165039 0.135742 0.166504 0.135742 0.166992 0.135254 0.168457 0.135254 0.168945 0.134766 0.170898 0.134277 0.171875 0.133301 0.175781 0.131348 0.179688 0.127441 0.180176 0.127441 0.183594 0.124023 0.184082 0.122559 0.185059 0.121582 0.186035 0.119629 0.186523 0.117188 0.187012 0.116699 0.187012 0.115234 0.187500 0.114746 0.187500 0.111816 0.187988 0.111328 0.187988 0.104980 0.187500 0.104492 0.187500 0.103027 0.187012 0.102051 0.185059 0.100098 0.181152 0.098145 0.177734 0.094238 0.175781 0.093262 0.173828 0.091309 0.171875 0.090820 0.169922 0.089844 0.168945 0.088867 0.165527 0.087402 0.165039 0.086426 0.161133 0.082520 0.158691 0.081055 0.156738 0.080566 0.155762 0.079590 0.154785 0.077637 0.151367 0.076172 0.150391 0.075195 0.150391 0.072266 0.150879 0.071777 0.151855 0.071777 0.152344 0.071289 0.155273 0.071289 0.156738 0.072266 0.157715 0.074219 0.159180 0.074707 0.160156 0.075684 0.162598 0.075684 0.163086 0.075195 0.163086 0.073730 0.163574 0.073242 0.163574 0.068359 0.163086 0.067871 0.159180 0.066895 0.156250 0.065430 0.153809 0.065430 0.153320 0.064941 0.145508 0.064941 0.145020 0.065430 0.139648 0.065918 0.139160 0.066406
0 0.387695 0.338867 0.372070 0.342773 0.359863 0.347656 0.356934 0.350098 0.349609 0.353027 0.341797 0.359375 0.337891 0.360840 0.329102 0.369141 0.327637 0.373047 0.317871 0.384766 0.314941 0.392090 0.306152 0.406738 0.304199 0.414551 0.303711 0.430176 0.301758 0.437500 0.301758 0.449219 0.306152 0.467285 0.308105 0.471191 0.308105 0.474121 0.311035 0.478516 0.311035 0.481445 0.313965 0.490234 0.317871 0.493164 0.319824 0.499512 0.333008 0.513672 0.344238 0.523926 0.355957 0.530762 0.388672 0.542969 0.408691 0.543457 0.414551 0.540527 0.423340 0.538086 0.434570 0.537109 0.439453 0.532227 0.451172 0.530273 0.459961 0.524902 0.484375 0.499512 0.486816 0.494141 0.491211 0.489746 0.491699 0.485840 0.497559 0.471680 0.497559 0.465820 0.501465 0.444824 0.500488 0.419922 0.499023 0.412598 0.497070 0.408691 0.496582 0.403809 0.489746 0.390625 0.485352 0.385254 0.483398 0.380859 0.479492 0.376953 0.479004 0.375000 0.469727 0.364746 0.460449 0.358398 0.454590 0.356445 0.447266 0.351562 0.443359 0.347168 0.438965 0.345215 0.414062 0.339844 0.407715 0.340332 0.405273 0.338867
0 0.642578 0.462891 0.633789 0.462891 0.633301 0.463379 0.628906 0.463379 0.628418 0.463867 0.625977 0.463867 0.625488 0.464355 0.623535 0.464355 0.623047 0.464844 0.622070 0.464844 0.621582 0.465332 0.621094 0.465332 0.619629 0.466797 0.616699 0.467773 0.610352 0.474121 0.609863 0.474121 0.608887 0.475098 0.608887 0.475586 0.607910 0.477051 0.607910 0.478027 0.607422 0.478516 0.607422 0.479004 0.605957 0.480469 0.605957 0.480957 0.604492 0.483398 0.604492 0.484375 0.604004 0.484863 0.604004 0.486816 0.603516 0.487305 0.603516 0.488770 0.603027 0.489258 0.603027 0.491211 0.602539 0.491699 0.602539 0.498047 0.603027 0.498535 0.603027 0.499512 0.603516 0.500000 0.603516 0.501465 0.604004 0.501953 0.604492 0.505371 0.605469 0.506348 0.605957 0.507812 0.606934 0.508789 0.608887 0.513672 0.609863 0.514648 0.611328 0.515137 0.612305 0.516113 0.612793 0.516113 0.613770 0.517090 0.614258 0.517090 0.618164 0.520508 0.618652 0.520508 0.620117 0.521484 0.621094 0.521484 0.621582 0.521973 0.622559 0.521973 0.623047 0.522461 0.625488 0.522949 0.626953 0.523926 0.629883 0.523926 0.630371 0.524414 0.632812 0.524414 0.633301 0.524902 0.637695 0.524902 0.638184 0.524414 0.640625 0.524414 0.641113 0.523926 0.643066 0.523926 0.643555 0.523438 0.645020 0.523438 0.645508 0.522949 0.646484 0.522949 0.646973 0.522461 0.647461 0.522461 0.648926 0.520996 0.652344 0.519531 0.655273 0.516602 0.655762 0.516602 0.657227 0.515137 0.659180 0.510742 0.660156 0.509766 0.661133 0.507324 0.662109 0.506348 0.662109 0.505371 0.662598 0.504883 0.662598 0.503906 0.663086 0.503418 0.663086 0.502441 0.663574 0.501953 0.663574 0.498047 0.664062 0.497559 0.664062 0.496582 0.664551 0.496094 0.664551 0.495117 0.665039 0.494629 0.665039 0.487793 0.664551 0.487305 0.664551 0.483887 0.664062 0.483398 0.664062 0.482422 0.662109 0.479980 0.662109 0.479492 0.661621 0.479004 0.661133 0.477539 0.660156 0.476562 0.659668 0.475098 0.656250 0.471680 0.655762 0.471680 0.654785 0.470703 0.654297 0.470703 0.653320 0.469727 0.652832 0.469727 0.648926 0.465820 0.648438 0.465820 0.647461 0.464844 0.646484 0.464844 0.645996 0.464355 0.645508 0.464355 0.645020 0.463867 0.644043 0.463867
0 0.729004 0.552246 0.728516 0.552246 0.728027 0.551758 0.727051 0.551758 0.726562 0.551270 0.724121 0.551270 0.723633 0.550781 0.719727 0.550781 0.719238 0.550293 0.717285 0.550293 0.716797 0.549805 0.713379 0.549805 0.712891 0.549316 0.712402 0.549805 0.710938 0.549805 0.710449 0.550293 0.708984 0.550781 0.708008 0.551758 0.707520 0.551758 0.706055 0.553223 0.705566 0.553223 0.703125 0.555176 0.702637 0.555176 0.700195 0.557617 0.699707 0.557617 0.698730 0.558594 0.698242 0.558594 0.696777 0.560059 0.692383 0.562012 0.691406 0.562988 0.690918 0.562988 0.688965 0.564453 0.687988 0.564453 0.686523 0.565430 0.684082 0.565918 0.679688 0.568359 0.679688 0.569336 0.679199 0.569824 0.679199 0.571777 0.678711 0.572266 0.678711 0.582520 0.678223 0.583008 0.678223 0.584961 0.678711 0.585449 0.678711 0.588379 0.679199 0.588867 0.679199 0.590820 0.679688 0.591309 0.679688 0.592773 0.680176 0.593262 0.680664 0.594727 0.682129 0.596191 0.682129 0.596680 0.685059 0.599609 0.685059 0.600098 0.686035 0.601074 0.686035 0.601562 0.687500 0.603516 0.687988 0.603516 0.689941 0.604980 0.690430 0.604980 0.692871 0.607422 0.693359 0.607422 0.696777 0.609375 0.698242 0.609375 0.698730 0.609863 0.703613 0.609863 0.704590 0.608887 0.704590 0.607422 0.705078 0.606934 0.705566 0.605469 0.706543 0.604492 0.706543 0.604004 0.709961 0.600586 0.710449 0.600586 0.711914 0.599121 0.712402 0.599121 0.714844 0.597168 0.715332 0.597168 0.716797 0.596191 0.717773 0.596191 0.718262 0.595703 0.720703 0.595215 0.721191 0.594727 0.723633 0.594727 0.724121 0.594238 0.725586 0.594238 0.726074 0.593750 0.729492 0.593262 0.729980 0.592773 0.730957 0.592773 0.731445 0.592285 0.732422 0.592285 0.732910 0.591797 0.733887 0.591797 0.734375 0.591309 0.735352 0.591309 0.735840 0.590820 0.737793 0.590820 0.738281 0.590332 0.740234 0.590332 0.741211 0.589355 0.741699 0.589355 0.741699 0.588867 0.742676 0.587891 0.742676 0.586426 0.743164 0.585938 0.743164 0.583984 0.743652 0.583496 0.743652 0.574707 0.743164 0.574219 0.743164 0.572266 0.739746 0.568848 0.739746 0.568359 0.738770 0.567383 0.738770 0.566895 0.735352 0.563477 0.735352 0.562988 0.733887 0.561035 0.732422 0.557617 0.731445 0.556641 0.730469 0.553711
0 0.645996 0.583008 0.644531 0.584473 0.644043 0.584473 0.643066 0.585449 0.642578 0.585449 0.641602 0.586426 0.641113 0.586426 0.639648 0.587891 0.639160 0.589355 0.638184 0.590332 0.638184 0.590820 0.636719 0.593262 0.636719 0.594238 0.636230 0.594727 0.636230 0.595703 0.635742 0.596191 0.635742 0.597168 0.634766 0.598633 0.634766 0.600098 0.634277 0.600586 0.634277 0.610352 0.634766 0.610840 0.634766 0.611816 0.635254 0.612305 0.635254 0.613281 0.635742 0.613770 0.635742 0.615234 0.636230 0.615723 0.636230 0.616699 0.637207 0.618164 0.637207 0.619141 0.638184 0.620117 0.638184 0.620605 0.639648 0.622070 0.640137 0.623535 0.641602 0.625000 0.642090 0.625000 0.643555 0.626465 0.644043 0.626465 0.646973 0.629395 0.647461 0.629395 0.648438 0.630371 0.648926 0.630371 0.650391 0.631348 0.656250 0.631348 0.656738 0.630859 0.658203 0.630859 0.658691 0.631348 0.667969 0.631348 0.668457 0.630859 0.670898 0.630859 0.671387 0.630371 0.672363 0.630371 0.672852 0.629883 0.673828 0.629883 0.674316 0.629395 0.674805 0.629395 0.675293 0.628906 0.676758 0.628418 0.678711 0.626465 0.678711 0.625977 0.679688 0.624512 0.679688 0.623535 0.680176 0.623047 0.680176 0.622559 0.682129 0.620605 0.682129 0.620117 0.682617 0.619629 0.682617 0.618652 0.683105 0.618164 0.683105 0.617188 0.683594 0.616699 0.683594 0.615723 0.684082 0.615234 0.684082 0.612305 0.684570 0.611816 0.684570 0.608398 0.685059 0.607910 0.685059 0.603027 0.684082 0.601562 0.684082 0.600586 0.683594 0.600098 0.683594 0.599609 0.682617 0.598633 0.682617 0.598145 0.680664 0.595703 0.680664 0.595215 0.680176 0.594727 0.680176 0.594238 0.678711 0.591797 0.678711 0.590820 0.678223 0.590332 0.678223 0.588867 0.677734 0.588379 0.677734 0.587402 0.677246 0.586914 0.677246 0.585938 0.676758 0.585449 0.676758 0.584961 0.675293 0.583496 0.674805 0.583496 0.674316 0.583008 0.673828 0.583008 0.673340 0.582520 0.672852 0.582520 0.670410 0.581055 0.668457 0.581055 0.667969 0.580566 0.664062 0.580566 0.663574 0.580078 0.655762 0.580078 0.655273 0.579590 0.654297 0.579590 0.653809 0.580078 0.652832 0.580078 0.652344 0.580566 0.651367 0.580566 0.650879 0.581055 0.649902 0.581055 0.649414 0.581543 0.648926 0.581543 0.648438 0.582031 0.647949 0.582031 0.647461 0.582520
0 0.850586 0.222168 0.847168 0.218750 0.846680 0.218750 0.845215 0.217773 0.840820 0.217773 0.840332 0.218262 0.839844 0.218262 0.839355 0.218750 0.837891 0.219238 0.834473 0.222656 0.833008 0.223145 0.831055 0.225098 0.830566 0.225098 0.829102 0.226074 0.828125 0.226074 0.825684 0.227539 0.821777 0.227539 0.821289 0.227051 0.820801 0.227051 0.820312 0.226562 0.819336 0.226562 0.818848 0.226074 0.815918 0.226074 0.815430 0.226562 0.812988 0.226562 0.812500 0.227051 0.811523 0.227051 0.811035 0.227539 0.810059 0.227539 0.809570 0.228027 0.808105 0.228027 0.807617 0.228516 0.806152 0.228516 0.805664 0.229004 0.804199 0.229492 0.800293 0.233398 0.800293 0.233887 0.799316 0.235352 0.799316 0.236328 0.797852 0.237793 0.797852 0.238281 0.796875 0.239258 0.796875 0.239746 0.795898 0.241211 0.795898 0.242188 0.795410 0.242676 0.795410 0.244629 0.794922 0.245117 0.794922 0.246094 0.793945 0.247070 0.793945 0.248047 0.794434 0.248535 0.794434 0.249023 0.794922 0.249512 0.794922 0.250488 0.795410 0.250977 0.795410 0.255859 0.796387 0.256836 0.797363 0.256836 0.797852 0.257324 0.799316 0.257324 0.799805 0.256836 0.801758 0.256836 0.802246 0.256348 0.804688 0.256348 0.805176 0.255859 0.809570 0.255859 0.810059 0.255371 0.816406 0.255371 0.816895 0.255859 0.822266 0.255859 0.822754 0.256348 0.824219 0.256348 0.824707 0.256836 0.827148 0.256836 0.827637 0.257324 0.829590 0.257324 0.830078 0.257812 0.831543 0.257812 0.832031 0.258301 0.833984 0.258301 0.834473 0.258789 0.835449 0.258789 0.836914 0.259766 0.838867 0.259766 0.839355 0.259277 0.840332 0.259277 0.840820 0.258789 0.841797 0.258789 0.843750 0.256836 0.843750 0.256348 0.844238 0.255859 0.844727 0.254395 0.845703 0.253418 0.845703 0.252930 0.851562 0.247070 0.851562 0.246582 0.853027 0.244141 0.853027 0.241699 0.853516 0.241211 0.853516 0.239258 0.853027 0.238770 0.853027 0.234375 0.854004 0.232910 0.854004 0.231445 0.853516 0.230957 0.853516 0.229980 0.853027 0.229492 0.853027 0.228027 0.852539 0.227539 0.852539 0.226562 0.852051 0.226074 0.852051 0.225098 0.851562 0.224609 0.851562 0.224121 0.851074 0.223633
0 0.556641 0.057129 0.556641 0.058105 0.556152 0.058594 0.556152 0.060059 0.555664 0.060547 0.555664 0.061035 0.554688 0.062012 0.554688 0.062500 0.553223 0.063965 0.553223 0.065918 0.552734 0.066406 0.552734 0.068848 0.552246 0.069336 0.552246 0.069824 0.551758 0.070312 0.551758 0.071777 0.551270 0.072266 0.551270 0.075684 0.550781 0.076172 0.550781 0.078613 0.550293 0.079102 0.550293 0.088867 0.550781 0.089355 0.550781 0.089844 0.552246 0.091309 0.552734 0.091309 0.553223 0.090820 0.554199 0.090820 0.554688 0.090332 0.556152 0.090332 0.556641 0.089844 0.558594 0.089844 0.559082 0.089355 0.560059 0.089355 0.560547 0.088867 0.561035 0.089355 0.565430 0.089355 0.565918 0.088867 0.566406 0.088867 0.567383 0.087891 0.567383 0.087402 0.568359 0.086426 0.568359 0.085449 0.568848 0.084961 0.568848 0.081055 0.568359 0.080566 0.568359 0.076172 0.567871 0.075684 0.567871 0.074219 0.567383 0.073730 0.567383 0.071777 0.567871 0.071289 0.567871 0.070312 0.568359 0.069824 0.568359 0.068848 0.568848 0.068359 0.568848 0.063965 0.568359 0.063477 0.567871 0.063477 0.567383 0.062988 0.566895 0.062988 0.565918 0.062012 0.565430 0.062012 0.564941 0.061523 0.564453 0.061523 0.563965 0.061035 0.563477 0.061035 0.560547 0.058105 0.559570 0.058105 0.559082 0.057617 0.557129 0.057617
0 0.545898 0.054688 0.542969 0.054688 0.542480 0.055176 0.541504 0.055176 0.541016 0.055664 0.539551 0.055664 0.539062 0.056152 0.538086 0.056152 0.537598 0.056641 0.537109 0.056641 0.536621 0.057129 0.536133 0.057129 0.535645 0.057617 0.535156 0.057617 0.534668 0.058105 0.534180 0.058105 0.533691 0.058594 0.533203 0.058594 0.532715 0.059082 0.532227 0.059082 0.531250 0.060059 0.530762 0.060059 0.530762 0.060547 0.527832 0.063477 0.527832 0.063965 0.527344 0.064453 0.527344 0.064941 0.526367 0.065918 0.526367 0.066406 0.525879 0.066895 0.525879 0.067383 0.524902 0.068359 0.524902 0.068848 0.523926 0.069824 0.523926 0.070312 0.523438 0.070801 0.523438 0.071289 0.522949 0.071777 0.522949 0.073730 0.522461 0.074219 0.522461 0.076660 0.522949 0.077148 0.522949 0.078613 0.523438 0.079102 0.523438 0.079590 0.524902 0.081055 0.524902 0.081543 0.525391 0.082031 0.525879 0.082031 0.527344 0.083496 0.527344 0.083984 0.529785 0.086426 0.530273 0.086426 0.531738 0.087891 0.532227 0.087891 0.533203 0.088867 0.533691 0.088867 0.535156 0.090332 0.535645 0.090332 0.536133 0.090820 0.536621 0.090820 0.537109 0.091309 0.537598 0.091309 0.538086 0.091797 0.538574 0.091797 0.539062 0.092285 0.539551 0.092285 0.540039 0.092773 0.541992 0.092773 0.542480 0.092285 0.542969 0.092285 0.542969 0.091797 0.543457 0.091309 0.543457 0.089844 0.543945 0.089355 0.543945 0.082031 0.544434 0.081543 0.544434 0.079102 0.544922 0.078613 0.544922 0.078125 0.545410 0.077637 0.545410 0.076660 0.545898 0.076172 0.545898 0.075684 0.546387 0.075195 0.546387 0.073730 0.546875 0.073242 0.546875 0.070801 0.547363 0.070312 0.547363 0.063965 0.547852 0.063477 0.547852 0.056641 0.547363 0.056152 0.547363 0.055664 0.546875 0.055176 0.546387 0.055176
0 0.462402 0.142578 0.462402 0.147461 0.462891 0.147949 0.462891 0.148438 0.464355 0.149414 0.469727 0.149414 0.470215 0.149902 0.470703 0.149902 0.471191 0.149414 0.477539 0.149414 0.478027 0.148926 0.479980 0.148926 0.480469 0.148438 0.481445 0.148438 0.481934 0.147949 0.482910 0.147949 0.483398 0.147461 0.484375 0.147461 0.484863 0.146973 0.486328 0.146973 0.486816 0.146484 0.488770 0.146484 0.489258 0.145996 0.490723 0.145996 0.491211 0.145508 0.492676 0.145508 0.493164 0.145020 0.497070 0.145020 0.497559 0.145508 0.498047 0.145020 0.502930 0.145020 0.503418 0.145508 0.504395 0.145508 0.504883 0.145996 0.506348 0.145996 0.506836 0.145508 0.507324 0.145508 0.508301 0.144531 0.508301 0.144043 0.509277 0.142578 0.509277 0.138184 0.508789 0.137695 0.508789 0.135742 0.508301 0.135254 0.508301 0.133301 0.507812 0.132812 0.507812 0.131348 0.507324 0.130859 0.507324 0.129883 0.506836 0.129395 0.506836 0.128906 0.506348 0.128418 0.506348 0.127930 0.504395 0.125977 0.504395 0.125488 0.503418 0.124512 0.503418 0.124023 0.502441 0.123047 0.502441 0.122559 0.501953 0.122070 0.501465 0.122070 0.498047 0.118652 0.497559 0.118652 0.497070 0.118164 0.496582 0.118164 0.495117 0.117188 0.493652 0.117188 0.493164 0.116699 0.492188 0.116699 0.491699 0.116211 0.490723 0.116211 0.490234 0.115723 0.488281 0.115723 0.487793 0.115234 0.481934 0.115234 0.481445 0.115723 0.480957 0.115723 0.480469 0.116211 0.479980 0.116211 0.479004 0.117188 0.478516 0.117188 0.477051 0.118652 0.477051 0.119141 0.476562 0.119629 0.476562 0.120605 0.476074 0.121094 0.476074 0.121582 0.475586 0.122070 0.475586 0.122559 0.475098 0.123047 0.475098 0.123535 0.473633 0.125000 0.473633 0.125488 0.473145 0.125977 0.473145 0.126953 0.472656 0.127441 0.472656 0.127930 0.471680 0.128906 0.471680 0.129395 0.470703 0.130371 0.470703 0.130859 0.469238 0.132324 0.469238 0.132812 0.468262 0.133789 0.468262 0.134277 0.467773 0.134766 0.467773 0.135254 0.464355 0.138672 0.464355 0.139648
0 0.421768 0.105887 0.424104 0.105553 0.426328 0.105275 0.431000 0.105220 0.432502 0.106276 0.432223 0.107722 0.432891 0.111059 0.433503 0.113728 0.433669 0.117454 0.433614 0.120458 0.435393 0.126074 0.433503 0.126464 0.433002 0.124517 0.432502 0.122015 0.432001 0.119623 0.430778 0.117232 0.429220 0.114118 0.428164 0.111782 0.426495 0.109335 0.424771 0.108167
0 0.417152 0.120958 0.417430 0.122182 0.417208 0.123739 0.417152 0.125796 0.417708 0.127520 0.418265 0.129356 0.418932 0.131080 0.420211 0.131914 0.421768 0.132136 0.422936 0.130746 0.424382 0.129244 0.425661 0.128021 0.426162 0.125685 0.425216 0.123183 0.424160 0.119846 0.423159 0.117510 0.421991 0.114785 0.421101 0.113395 0.420767 0.112894 0.420211 0.113005 0.419989 0.114173 0.419321 0.115063 0.418765 0.116175 0.418376 0.118011 0.417764 0.119623
0 0.337969 0.140569 0.339709 0.143585 0.339361 0.145904 0.339013 0.147992 0.339013 0.150080 0.339129 0.152979 0.341913 0.150892 0.342957 0.149964 0.344696 0.148456 0.345740 0.147528 0.348524 0.147876 0.347828 0.149500 0.345972 0.151240 0.345276 0.152515 0.344696 0.154139 0.345740 0.155531 0.349220 0.157387 0.350032 0.157967 0.352815 0.158430 0.356990 0.158198 0.361050 0.156923 0.364877 0.155183 0.368589 0.154023 0.372996 0.152167 0.369400 0.150660 0.366501 0.149616 0.368357 0.147760 0.369632 0.147528 0.372416 0.147876 0.374272 0.148456 0.375199 0.144629 0.373460 0.141729 0.369400 0.138946 0.366153 0.136510 0.362094 0.133031 0.360122 0.131291 0.357686 0.128507 0.355135 0.127579 0.352235 0.127231 0.347944 0.127811 0.348524 0.129899 0.348292 0.132451 0.347480 0.135118 0.346900 0.136394 0.345392 0.138018 0.343885 0.139062 0.341333 0.139757 0.339941 0.140105
0 0.170898 0.258789 0.167480 0.262207 0.167480 0.262695 0.166992 0.263184 0.166992 0.264648 0.166504 0.265137 0.166504 0.267578 0.168457 0.269531 0.168945 0.269531 0.169922 0.270508 0.170410 0.270508 0.173340 0.273438 0.173828 0.273438 0.174805 0.274414 0.175293 0.274414 0.179688 0.278809 0.180176 0.278809 0.181641 0.280273 0.182129 0.280273 0.182617 0.280762 0.183105 0.280762 0.183594 0.281250 0.184082 0.281250 0.184570 0.281738 0.185547 0.281738 0.186035 0.282227 0.186523 0.282227 0.187500 0.283203 0.187988 0.283203 0.188477 0.283691 0.188965 0.283691 0.192871 0.287598 0.194824 0.287598 0.195312 0.288086 0.196289 0.288086 0.196777 0.288574 0.196777 0.289062 0.196777 0.279785 0.196289 0.279297 0.196289 0.266113 0.196777 0.265625 0.196777 0.263672 0.197266 0.263184 0.197266 0.260254 0.197754 0.259766 0.197754 0.258301 0.198242 0.257812 0.198242 0.256348 0.198730 0.255859 0.198730 0.255371 0.198242 0.254883 0.198242 0.254395 0.197266 0.253418 0.195312 0.253418 0.194824 0.252930 0.186523 0.252930 0.186035 0.253418 0.181641 0.253418 0.181152 0.253906 0.180176 0.253906 0.179688 0.254395 0.178711 0.254395 0.178223 0.254883 0.177734 0.254883 0.177246 0.255371 0.176758 0.255371 0.175781 0.256348 0.175293 0.256348 0.174805 0.256836 0.174316 0.256836 0.173828 0.257324 0.173340 0.257324 0.172852 0.257812 0.172363 0.257812 0.171387 0.258789
0 0.025879 0.297852 0.025391 0.298340 0.024414 0.298340 0.023926 0.298828 0.023438 0.298828 0.022949 0.299316 0.022461 0.299316 0.021973 0.299805 0.020996 0.299805 0.020020 0.300781 0.019531 0.300781 0.018555 0.301758 0.018066 0.301758 0.015137 0.304688 0.015137 0.305176 0.012695 0.307617 0.012695 0.308105 0.012207 0.308594 0.012207 0.309082 0.011719 0.309570 0.011719 0.311035 0.011230 0.311523 0.011230 0.312500 0.010742 0.312988 0.010742 0.313477 0.010254 0.313965 0.010254 0.317383 0.010742 0.317871 0.010742 0.318359 0.011230 0.318848 0.011719 0.318848 0.012207 0.319336 0.012695 0.319336 0.013184 0.319824 0.013672 0.319824 0.016602 0.322754 0.016602 0.323242 0.017578 0.324219 0.017578 0.324707 0.018555 0.325684 0.018555 0.326660 0.019043 0.327148 0.019043 0.328125 0.019531 0.328613 0.019531 0.329102 0.020508 0.330078 0.020508 0.330566 0.020996 0.331055 0.020996 0.331543 0.021484 0.332031 0.021484 0.332520 0.023438 0.334473 0.023926 0.334473 0.024902 0.335449 0.025879 0.335449 0.026367 0.335938 0.027832 0.335938 0.028320 0.336426 0.028809 0.336426 0.029785 0.337402 0.030273 0.337402 0.030762 0.337891 0.031250 0.337891 0.031738 0.338379 0.032227 0.338379 0.032715 0.338867 0.034180 0.338867 0.034668 0.339355 0.035645 0.339355 0.036133 0.339844 0.037598 0.339844 0.038086 0.339355 0.038574 0.339355 0.039062 0.338867 0.039551 0.338867 0.040039 0.338379 0.040527 0.338379 0.042480 0.336426 0.042480 0.335938 0.044434 0.333984 0.044434 0.332520 0.043945 0.332031 0.043945 0.330078 0.043457 0.329590 0.043457 0.328613 0.042969 0.328125 0.042969 0.327637 0.042480 0.327148 0.042480 0.326660 0.041992 0.326172 0.041992 0.324707 0.042480 0.324219 0.042480 0.323730 0.042969 0.323242 0.042969 0.322266 0.043945 0.321289 0.043945 0.320801 0.044922 0.319824 0.044922 0.319336 0.045410 0.318848 0.045410 0.310547 0.044922 0.310059 0.044922 0.307129 0.044434 0.306641 0.044434 0.305176 0.043945 0.304688 0.043945 0.304199 0.043457 0.303711 0.043457 0.303223 0.041504 0.301270 0.041016 0.301270 0.040527 0.300781 0.040039 0.300781 0.039551 0.300293 0.038574 0.300293 0.038086 0.299805 0.037598 0.299805 0.037109 0.299316 0.036133 0.299316 0.035645 0.298828 0.035156 0.298828 0.034668 0.298340 0.033691 0.298340 0.033203 0.297852 0.029785 0.297852 0.029297 0.297363 0.028809 0.297852
0 0.169922 0.403320 0.169434 0.403320 0.168945 0.402832 0.168457 0.402832 0.167969 0.402344 0.167480 0.402344 0.166992 0.401855 0.166016 0.401855 0.165527 0.401367 0.165039 0.401855 0.161621 0.401855 0.161133 0.402344 0.158691 0.402344 0.158203 0.402832 0.156738 0.402832 0.156250 0.403320 0.155762 0.403320 0.154785 0.404297 0.154297 0.404297 0.153809 0.404785 0.153320 0.404785 0.152832 0.405273 0.152344 0.405273 0.151855 0.405762 0.151367 0.405762 0.150879 0.406250 0.149902 0.406250 0.149414 0.406738 0.148926 0.406738 0.146973 0.408691 0.146484 0.408691 0.145020 0.410156 0.144531 0.410156 0.143066 0.411621 0.143066 0.412109 0.140625 0.414551 0.140625 0.415039 0.139648 0.416016 0.139648 0.416504 0.139160 0.416992 0.139160 0.417480 0.138184 0.418457 0.138184 0.418945 0.137695 0.419434 0.137695 0.419922 0.136719 0.420898 0.136719 0.421875 0.136230 0.422363 0.136230 0.424805 0.135742 0.425293 0.135742 0.428711 0.136230 0.429199 0.136230 0.431152 0.136719 0.431641 0.136719 0.432617 0.137207 0.433105 0.137207 0.435059 0.137695 0.435547 0.137695 0.437012 0.138672 0.437988 0.141602 0.437988 0.142090 0.438477 0.143066 0.437500 0.143555 0.437500 0.145508 0.435547 0.147461 0.435547 0.147949 0.436035 0.148926 0.436035 0.149414 0.436523 0.153809 0.436523 0.154785 0.435547 0.154785 0.435059 0.155273 0.434570 0.155273 0.433105 0.155762 0.432617 0.155762 0.431641 0.156250 0.431152 0.156250 0.430176 0.156738 0.429688 0.156738 0.429199 0.159180 0.426758 0.159180 0.426270 0.160156 0.425293 0.160156 0.424805 0.160645 0.424316 0.160645 0.423828 0.161133 0.423340 0.161133 0.422852 0.161621 0.422363 0.161621 0.421875 0.162109 0.421387 0.162109 0.420898 0.162598 0.420410 0.162598 0.419922 0.166504 0.416016 0.166504 0.415527 0.168457 0.413574 0.168457 0.413086 0.170898 0.410645 0.170898 0.410156 0.171387 0.409668 0.171387 0.409180 0.172363 0.408203 0.172363 0.407715 0.171875 0.407227 0.171875 0.406250 0.171387 0.405762 0.171387 0.405273 0.170898 0.404785 0.170898 0.404297
0 0.000000 0.334473 0.000000 0.395508 0.001953 0.395508 0.003418 0.394531 0.004395 0.394531 0.004883 0.394043 0.005859 0.394043 0.006348 0.393555 0.006836 0.393555 0.008301 0.392578 0.009277 0.392578 0.009766 0.392090 0.010254 0.392090 0.011719 0.391113 0.012695 0.391113 0.013184 0.390625 0.017578 0.390625 0.018555 0.389648 0.018555 0.389160 0.019531 0.388184 0.019531 0.387207 0.020508 0.385742 0.020508 0.384766 0.020996 0.384277 0.020996 0.383789 0.021973 0.382324 0.021973 0.381348 0.022461 0.380859 0.022461 0.380371 0.022949 0.379883 0.022949 0.379395 0.023438 0.378906 0.023438 0.378418 0.024414 0.376953 0.024414 0.375977 0.024902 0.375488 0.024902 0.374512 0.025391 0.374023 0.025391 0.373047 0.025879 0.372559 0.025879 0.371582 0.026367 0.371094 0.026367 0.370117 0.026855 0.369629 0.026855 0.367676 0.027344 0.367188 0.027344 0.364746 0.026855 0.364258 0.026855 0.362305 0.026367 0.361816 0.026367 0.359375 0.025879 0.358887 0.025879 0.357422 0.025391 0.356934 0.025391 0.356445 0.024902 0.355957 0.024902 0.355469 0.024414 0.354980 0.023926 0.353516 0.022949 0.352539 0.022949 0.352051 0.022461 0.351562 0.022461 0.351074 0.021484 0.350098 0.021484 0.349609 0.019531 0.347656 0.019531 0.347168 0.016602 0.344238 0.016602 0.343750 0.015625 0.342773 0.015137 0.342773 0.013672 0.341309 0.013184 0.341309 0.011719 0.339844 0.011230 0.339844 0.008789 0.337402 0.007812 0.337402 0.007324 0.336914 0.006348 0.336914 0.005859 0.336426 0.004883 0.336426 0.004395 0.335938 0.003906 0.335938 0.003418 0.335449 0.002930 0.335449 0.001465 0.334473
0 0.193359 0.226074 0.192871 0.226074 0.191406 0.227539 0.190918 0.227539 0.189453 0.229004 0.188965 0.229004 0.186523 0.231445 0.186523 0.231934 0.184082 0.234375 0.184082 0.234863 0.183594 0.235352 0.183594 0.235840 0.183105 0.236328 0.183594 0.236816 0.183594 0.238770 0.184082 0.239258 0.184082 0.241699 0.184570 0.242188 0.184570 0.244629 0.185059 0.245117 0.185059 0.249023 0.185547 0.249512 0.185547 0.251465 0.187012 0.251465 0.187500 0.251953 0.197266 0.251953 0.199219 0.250000 0.199219 0.249512 0.199707 0.249023 0.199707 0.248535 0.200195 0.248047 0.200195 0.247559 0.201660 0.246094 0.201660 0.245605 0.202637 0.244629 0.202637 0.244141 0.203125 0.243652 0.203125 0.243164 0.203613 0.242676 0.203613 0.242188 0.205078 0.240723 0.205078 0.240234 0.205566 0.239746 0.205566 0.238770 0.206055 0.238281 0.206055 0.236816 0.206543 0.236328 0.206543 0.235840 0.205566 0.234863 0.205566 0.234375 0.202148 0.230957 0.201660 0.230957 0.201172 0.230469 0.200684 0.230469 0.200195 0.229980 0.199707 0.229980 0.199219 0.229492 0.198730 0.229492 0.197266 0.228027 0.196777 0.228027 0.196289 0.227539 0.195801 0.227539 0.195312 0.227051 0.194824 0.227051 0.194336 0.226562 0.193848 0.226562
0 0.115234 0.153809 0.114258 0.154785 0.114258 0.155273 0.113770 0.155762 0.113770 0.156250 0.113281 0.156738 0.113281 0.157227 0.112793 0.157715 0.112793 0.158691 0.112305 0.159180 0.112305 0.159668 0.111816 0.160156 0.111816 0.161133 0.111328 0.161621 0.111328 0.162109 0.110840 0.162598 0.110840 0.163574 0.110352 0.164062 0.110352 0.164551 0.109863 0.165039 0.109863 0.166992 0.110840 0.167969 0.111328 0.167969 0.111816 0.168457 0.111816 0.168945 0.114258 0.171387 0.114746 0.171387 0.115234 0.171875 0.115723 0.171875 0.116211 0.172363 0.116699 0.172363 0.117676 0.173340 0.119141 0.173340 0.121094 0.171387 0.121094 0.170898 0.122070 0.169922 0.122070 0.169434 0.122559 0.168945 0.122559 0.167480 0.123047 0.166992 0.123047 0.164062 0.122559 0.163574 0.122559 0.162109 0.122070 0.161621 0.122070 0.161133 0.121582 0.160645 0.121582 0.160156 0.121094 0.159668 0.121094 0.158203 0.120605 0.157715 0.120605 0.156738 0.120117 0.156250 0.120117 0.155762 0.119141 0.154785 0.117676 0.154785 0.117188 0.154297 0.116211 0.154297 0.115723 0.153809
0 0.059082 0.065918 0.058105 0.066895 0.057617 0.066895 0.056152 0.068359 0.056152 0.068848 0.056641 0.069336 0.056641 0.071777 0.057129 0.072266 0.057129 0.072754 0.058105 0.073730 0.058105 0.074219 0.059082 0.075195 0.059082 0.076172 0.059570 0.076660 0.059570 0.077148 0.060547 0.078125 0.060547 0.078613 0.061523 0.079590 0.061523 0.080078 0.062500 0.081055 0.062500 0.081543 0.063477 0.082520 0.063965 0.082520 0.065430 0.083984 0.065430 0.084473 0.067871 0.086914 0.071777 0.086914 0.072266 0.086426 0.072266 0.085449 0.072754 0.084961 0.072754 0.083984 0.073242 0.083496 0.073242 0.082520 0.073730 0.082031 0.073730 0.081543 0.074219 0.081055 0.074219 0.080078 0.074707 0.079590 0.074707 0.075195 0.074219 0.074707 0.074219 0.071289 0.073730 0.070801 0.073730 0.069336 0.073242 0.068848 0.073242 0.068359 0.071777 0.066895 0.071289 0.066895 0.070312 0.065918 0.069824 0.065918 0.067871 0.063965 0.067383 0.064453 0.066895 0.064453 0.066406 0.064941 0.064941 0.064941 0.064453 0.065430 0.060059 0.065430 0.059570 0.065918
0 0.107422 0.074707 0.105469 0.076660 0.104980 0.076660 0.104492 0.077148 0.103516 0.077148 0.102051 0.078613 0.102051 0.081055 0.102539 0.081543 0.102539 0.082520 0.103027 0.083008 0.103027 0.083496 0.104004 0.084473 0.104492 0.084473 0.105469 0.085449 0.105957 0.085449 0.106445 0.085938 0.106934 0.085938 0.107422 0.086426 0.107910 0.086426 0.108887 0.087402 0.108887 0.087891 0.109375 0.088379 0.109863 0.088379 0.110840 0.089355 0.111328 0.089355 0.111816 0.089844 0.112305 0.089844 0.112793 0.090332 0.113281 0.090332 0.114258 0.091309 0.114258 0.091797 0.114746 0.092285 0.115234 0.092285 0.116699 0.090820 0.116699 0.090332 0.117188 0.089844 0.117188 0.089355 0.117676 0.088867 0.117676 0.087891 0.118164 0.087402 0.118164 0.085938 0.118652 0.085449 0.118652 0.084961 0.119141 0.084473 0.119141 0.083496 0.119629 0.083008 0.119629 0.082520 0.120117 0.082031 0.120117 0.081543 0.120605 0.081055 0.120605 0.080078 0.121094 0.079590 0.121094 0.078613 0.121582 0.078125 0.121582 0.077637 0.123047 0.076172 0.123047 0.075684 0.122559 0.075195 0.121094 0.075195 0.120605 0.074707 0.114258 0.074707 0.113770 0.075195 0.107910 0.075195
0 0.062360 0.018366 0.063327 0.020421 0.064656 0.022959 0.066469 0.025860 0.068161 0.027552 0.069612 0.028156 0.072754 0.028156 0.075292 0.027672 0.076501 0.026826 0.076984 0.025980 0.076017 0.023805 0.074688 0.022355 0.073358 0.020421 0.071424 0.018245 0.071183 0.016432 0.070820 0.014499 0.069128 0.013653 0.066711 0.014740 0.064294 0.015828 0.062118 0.016191 0.061030 0.017641
0 0.035265 0.045698 0.037769 0.046950 0.040064 0.050706 0.042568 0.051332 0.044863 0.050080 0.046950 0.049037 0.048411 0.047785 0.049037 0.045698 0.049037 0.044029 0.049245 0.042777 0.050497 0.041942 0.049454 0.040273 0.048202 0.037977 0.045907 0.033804 0.040273 0.033387 0.037769 0.034013 0.035473 0.035891 0.033804 0.037351 0.032552 0.039229 0.032343 0.040273 0.032969 0.043194
0 0.020528 0.071449 0.021425 0.072943 0.023418 0.074936 0.024414 0.076929 0.025112 0.078922 0.026407 0.080616 0.028699 0.082410 0.031190 0.082211 0.032486 0.081015 0.033283 0.079321 0.034180 0.077029 0.034877 0.074438 0.034678 0.071249 0.033980 0.068160 0.032785 0.065968 0.029695 0.065768 0.026806 0.066366 0.024514 0.067263 0.022919 0.067961 0.020926 0.068658 0.020129 0.070153
0 0.105532 0.001181 0.105138 0.005513 0.105729 0.008072 0.109666 0.010041 0.114392 0.010829 0.119314 0.009844 0.123055 0.008860 0.125614 0.008072 0.127977 0.006104 0.127583 0.001772 0.126993 0.000197
0 0.210938 0.783691 0.206055 0.783691 0.205566 0.784180 0.204102 0.784180 0.203613 0.784668 0.202637 0.784668 0.200195 0.786133 0.197754 0.786133 0.197266 0.786621 0.196289 0.786621 0.195801 0.787109 0.193848 0.787109 0.193359 0.787598 0.192383 0.787598 0.191895 0.788086 0.189453 0.789062 0.188477 0.790039 0.187988 0.790039 0.185059 0.793457 0.184570 0.793457 0.183594 0.794434 0.183105 0.794434 0.182129 0.795410 0.181641 0.795410 0.180664 0.796387 0.179199 0.799805 0.178223 0.800781 0.178223 0.801270 0.177246 0.802246 0.177246 0.802734 0.175293 0.804688 0.175293 0.805176 0.174316 0.806641 0.174316 0.807617 0.173828 0.808105 0.173828 0.808594 0.172852 0.810059 0.172852 0.811035 0.172363 0.811523 0.172363 0.812988 0.171875 0.813477 0.171875 0.814453 0.171387 0.814941 0.171387 0.815918 0.170898 0.816406 0.170898 0.817871 0.170410 0.818359 0.170410 0.820312 0.169922 0.820801 0.169922 0.830566 0.170410 0.831055 0.170410 0.834473 0.170898 0.834961 0.171387 0.838379 0.171875 0.838867 0.171875 0.839844 0.172363 0.840332 0.172363 0.841309 0.172852 0.841797 0.172852 0.842773 0.173340 0.843262 0.173340 0.844238 0.173828 0.844727 0.173828 0.845215 0.175781 0.847168 0.175781 0.847656 0.177246 0.849121 0.177246 0.849609 0.179688 0.852051 0.179688 0.852539 0.180664 0.853516 0.181152 0.853516 0.182129 0.854492 0.182617 0.854492 0.187988 0.858398 0.188477 0.858398 0.189941 0.859375 0.192383 0.859863 0.192871 0.860352 0.194336 0.860352 0.196777 0.861816 0.199219 0.859375 0.199219 0.858887 0.200195 0.857910 0.200195 0.857422 0.200684 0.856934 0.200684 0.855957 0.201172 0.855469 0.201172 0.854492 0.201660 0.854004 0.201660 0.853027 0.205566 0.845703 0.205566 0.844727 0.206055 0.844238 0.206055 0.843262 0.206543 0.842773 0.206543 0.839844 0.207031 0.839355 0.207031 0.837402 0.206543 0.836914 0.206543 0.835449 0.206055 0.834961 0.205566 0.833496 0.207031 0.832520 0.208008 0.832520 0.208496 0.832031 0.208984 0.832031 0.211426 0.829590 0.211914 0.829590 0.211914 0.829102 0.214355 0.826172 0.214355 0.825684 0.213379 0.824707 0.213379 0.824219 0.211914 0.822754 0.211914 0.822266 0.211426 0.821777 0.211426 0.820801 0.210449 0.819336 0.210449 0.817383 0.209961 0.816895 0.209961 0.813965 0.209473 0.813477 0.209473 0.811523 0.208984 0.811035 0.208984 0.806641 0.209473 0.806152 0.209473 0.804199 0.209961 0.803711 0.209961 0.802734 0.210449 0.802246 0.211914 0.798828 0.212891 0.797852 0.212891 0.797363 0.213867 0.795898 0.213867 0.794922 0.215820 0.791504 0.215820 0.790039 0.214844 0.788574 0.214844 0.787598 0.214355 0.787109 0.214355 0.786621 0.212891 0.785156 0.212891 0.784668 0.212402 0.784180 0.211426 0.784180
0 0.224609 0.840332 0.224121 0.840332 0.220703 0.843750 0.220703 0.844238 0.219727 0.845215 0.219727 0.845703 0.219238 0.846191 0.219238 0.846680 0.218750 0.847168 0.218750 0.847656 0.218262 0.848145 0.218262 0.848633 0.217773 0.849121 0.217773 0.849609 0.216797 0.850586 0.216797 0.851074 0.216309 0.851562 0.216309 0.852051 0.215332 0.853027 0.215332 0.854980 0.214844 0.855469 0.214844 0.857422 0.215332 0.857910 0.215820 0.857910 0.216309 0.858398 0.218262 0.858398 0.218750 0.858887 0.224121 0.858887 0.224609 0.858398 0.224609 0.857422 0.225098 0.856934 0.225098 0.852051 0.225586 0.851562 0.225586 0.850586 0.226074 0.850098 0.226074 0.841797
0 0.247559 0.816406 0.247559 0.816895 0.245605 0.818848 0.245117 0.818848 0.244629 0.819336 0.243652 0.819336 0.241699 0.821289 0.241699 0.821777 0.241211 0.822266 0.241211 0.823730 0.240723 0.824219 0.240723 0.825195 0.240234 0.825684 0.240234 0.826172 0.238770 0.827637 0.238770 0.828125 0.238281 0.828613 0.238281 0.829590 0.237793 0.830078 0.237793 0.831055 0.237305 0.831543 0.237305 0.832520 0.236816 0.833008 0.236816 0.833984 0.235352 0.835449 0.235352 0.835938 0.234863 0.836426 0.234863 0.838379 0.234375 0.838867 0.234375 0.842285 0.233887 0.842773 0.233887 0.843750 0.233398 0.844238 0.233398 0.847656 0.233887 0.848145 0.233887 0.848633 0.234375 0.849121 0.234375 0.849609 0.234863 0.849609 0.235352 0.850098 0.236328 0.850098 0.237793 0.848633 0.237793 0.848145 0.238770 0.847168 0.238770 0.846680 0.239746 0.845703 0.239746 0.845215 0.241699 0.843262 0.241699 0.842773 0.242676 0.841797 0.242676 0.841309 0.243164 0.840820 0.243164 0.839355 0.243652 0.838867 0.243652 0.837402 0.244629 0.836426 0.244629 0.835449 0.245117 0.834961 0.245117 0.833496 0.245605 0.833008 0.245605 0.831543 0.246094 0.831055 0.246094 0.829590 0.246582 0.829102 0.246582 0.828125 0.247070 0.827637 0.247070 0.827148 0.248535 0.825684 0.248047 0.825195 0.248047 0.823242 0.247559 0.822754 0.247559 0.821289 0.248047 0.820801 0.248047 0.816895
0 0.852539 0.044922 0.854492 0.051758 0.857422 0.056152 0.863281 0.069336 0.865723 0.072266 0.869141 0.074219 0.872559 0.073730 0.876953 0.068359 0.880859 0.066406 0.883301 0.063965 0.892090 0.059570 0.897461 0.058105 0.905762 0.053711 0.907715 0.051758 0.912109 0.050781 0.919434 0.047363 0.924805 0.046387 0.931641 0.043457 0.937988 0.042480 0.964844 0.041016 0.969727 0.041992 0.972656 0.044922 0.970215 0.047363 0.957031 0.051270 0.955566 0.052734 0.941895 0.058105 0.937500 0.061035 0.922363 0.066406 0.910156 0.072266 0.905273 0.076172 0.893555 0.082031 0.891113 0.087402 0.895996 0.089844 0.909180 0.090820 0.923828 0.090332 0.929688 0.086914 0.934570 0.086426 0.939453 0.083008 0.950684 0.079102 0.955566 0.076172 0.966797 0.066406 0.968262 0.063477 0.982910 0.050293 0.993164 0.029297 0.996094 0.014160 0.995605 0.000000 0.872559 0.000000 0.872559 0.001465 0.862793 0.020020 0.861328 0.024902 0.854492 0.035645 0.852539 0.041016
0 0.287109 0.065430 0.285156 0.065430 0.284668 0.064941 0.282227 0.064941 0.281738 0.065430 0.279297 0.065430 0.278809 0.065918 0.277832 0.065918 0.277344 0.066406 0.276367 0.066406 0.275879 0.066895 0.274902 0.066895 0.273926 0.067871 0.273926 0.068359 0.273438 0.068848 0.273438 0.069336 0.272949 0.069824 0.272949 0.070312 0.272461 0.070801 0.272461 0.071289 0.271973 0.071777 0.271973 0.076172 0.272461 0.076660 0.272461 0.077148 0.272949 0.077637 0.272949 0.078125 0.273438 0.078613 0.273438 0.079102 0.273926 0.079590 0.273926 0.080566 0.274414 0.081055 0.274414 0.081543 0.276367 0.083496 0.276367 0.083984 0.278320 0.085938 0.278809 0.085938 0.279297 0.086426 0.280273 0.085449 0.280762 0.085449 0.283203 0.083008 0.283691 0.083008 0.284180 0.082520 0.284668 0.082520 0.285156 0.082031 0.285645 0.082031 0.286621 0.081055 0.287109 0.081055 0.287598 0.080566 0.288086 0.080566 0.288574 0.080078 0.289062 0.080078 0.289551 0.079590 0.289551 0.074707 0.289062 0.074219 0.289062 0.072754 0.288574 0.072266 0.288574 0.068848 0.288086 0.068359 0.288086 0.067383 0.287598 0.066895 0.287598 0.066406 0.287109 0.065918
